   2.6533246978168310E-002 -0.20592533160890941        9.3006606021213759E-003  0.20783589122449384     
  -7.2669097473128663E-002  -3.2132737563274318E-002   5.4862160404321944E-002   9.6556549208735118E-002
   6.3741017805554218E-002 -0.19004536180128045        5.1009325386398276E-002  0.20683836242206866     
  -7.9653795095483829E-002  -7.0853299416592241E-002 -0.11180534334614392       0.15448414776953562     
  0.13306818707162132        1.3751387551258995E-002  0.17667150983125190       0.22160565303296545     
   7.5641829807239686E-002 -0.17435380541535123       -6.6322908283483570E-002  0.20129496775275071     
 -0.13539676618084631       -1.4286049696629771E-003   7.0899551092854826E-002  0.15284329082285047     
   9.1446874295796968E-002 -0.10956106084959423        2.6517495680279453E-002  0.14515279690764979     
   2.7088221055030825E-003  -1.0168693120083765E-002  0.24616643211450454       0.24639125864558320     
  -5.8192166414206097E-002  -4.1567710282034473E-002  0.20158780651884620       0.21389681275593980     
 -0.22745519887611759       -5.3248752988088170E-002  -7.7363701955073347E-002  0.24608218052259301     
  -8.0607857425645385E-003 -0.14086932072004918       -8.8239417204924342E-002  0.16641915916017694     
 -0.17216347712207777       -5.0130609344910475E-002  -5.4673535699449084E-002  0.18746342671021235     
  -5.1878574857692608E-002  0.17083493640368430       -9.9039986881992725E-003  0.17881289443250989     
 -0.18289608395073537      -0.11277326659560341       -2.2572021843843444E-002  0.21605157567876337     
 -0.10191652804390648        3.7696530737149750E-002  0.20981612866584748       0.23628545229544862     
 -0.13571173924985053       -1.3328715237969638E-002  -7.8076974292339788E-003  0.13658803373378200     
  0.10922497116763465       0.10612808805973420        3.6271013219237244E-003  0.15233653949655290     
 -0.14823198920366595       -8.6205614639812217E-002 -0.12878926077488395       0.21445466726011028     
  -7.8269382703732709E-002 -0.16780237176202004       0.11428716826642671       0.21758972647655286     
 -0.17689892063162163        5.3090923521290044E-003  -8.3313122003499954E-002  0.19560800310878457     
  0.12920355281125759      -0.18373207213735870       -5.9342886316456622E-002  0.23232006057873458     
  -4.4841345587283046E-002   5.7191475543205590E-002  0.17624535947196748       0.19064112327693170     
 -0.16277038275544248       -2.8006853885974650E-002 -0.16455227081258872       0.23314379939540128     
   8.4148355195391780E-002  -4.1424044773082903E-002 -0.21168791029529244       0.23153545847804818     
 -0.10899281349481657       -4.6749386329578903E-002  -2.1791588943248723E-002  0.12058114224197583     
  -8.4962425052615947E-002   7.6678474215648953E-002 -0.11317430971839976       0.16095535548436279     
   7.0515730500627274E-002 -0.16606348216407954       -6.9344389340701938E-003  0.18054815091777321     
 -0.12757719251756863      -0.18393168084020173       0.17130936659075238       0.28187533121770586     
  -3.1042299671651667E-002  -6.4292280143976394E-002 -0.19566162663107969       0.20828008495997932     
   3.4349340138492841E-002  -6.9515195999131141E-002  0.18391393454341617       0.19959101924181727     
  -4.1153365019455952E-003   6.9106119581562153E-002 -0.19536891659064773       0.20727181508335590     
  0.22210559502676797        1.6174011458304629E-002  -2.3341078150086566E-002  0.22391359922536300     
 -0.15957711433731916       0.10374696968899175        6.8906506141171747E-002  0.20242627232762486     
   7.0499905948651465E-002  -6.1144958767386612E-002   4.0905916409094509E-002  0.10189326139986853     
  0.11941817163255666       -9.6766794564637798E-002  0.15261990024206265       0.21660412322085359     
   6.6065710406280703E-002 -0.14236227949344105       -5.2352145030503991E-002  0.16544619609815783     
  0.11857763189256086       -6.3169043828941790E-003  0.16845948969199290       0.20610472516057693     
   3.5993626560488624E-003  0.18475314091372655       -1.8255043762073105E-003  0.18479721576702557     
   6.6821640248017400E-002  0.16722030098913260        6.9461396693098573E-002  0.19300944613901042     
  0.24754009179871675       -7.3511640760257568E-002  0.10604661484289696       0.27915218590335278     
   4.7447286345823583E-002  -9.4235253631522881E-002  0.15312288606161273       0.18595199983979108     
   3.3594721616692066E-002  -1.9180796887809746E-003  0.17995924813556338       0.18307816729395349     
   8.0447187723785396E-002  0.13279770708642163       -3.9358915267543038E-002  0.16017523288921617     
  0.11132318382132350        2.7184342965326909E-002  -3.8191125494925392E-002  0.12079073567596912     
   1.2182546996815173E-002  0.13878785730887377       -3.9796722064286569E-002  0.14489397114711153     
  0.11436373938933567       0.11225603547460564       -6.3155347430578518E-002  0.17224714887818865     
 -0.16378326888027744        8.7666601237100281E-002   7.4915722511438007E-002  0.20030665894319338     
 -0.11766839344164884        4.2558028632446177E-002  -4.8738317539971092E-002  0.13428499623132076     
 -0.14075736550349247        6.2284239818312832E-002  -8.3537699502012674E-002  0.17512997947615208     
  0.19389628382100965       -4.0514745413601817E-003   6.4890183479152319E-002  0.20450652614895903     
 -0.16719658960599101       -3.2841459254566170E-002  0.11130436524860164       0.20352376457121080     
  0.10772047899117017        7.5774068787517829E-002 -0.12390308644539823       0.18082418512300405     
  -3.1034778144546242E-002  0.18538574400840988        2.1830097240607988E-002  0.18922892136660105     
   7.4453535392171491E-002  -2.4093212567894921E-002 -0.17758300446109315       0.19406064850366686     
  0.19999859674963513       0.11218005508677424       -2.9843350804910126E-002  0.23124538708558015     
  0.16861282529752084        8.5576182532832404E-002   1.1038503319299229E-002  0.18940806853784004     
  0.11627698756416473        1.0765176038608545E-003  0.20558767229798486       0.23619438547106059     
 -0.13414704990162882      -0.13896887490726778        6.5570861080567922E-002  0.20397871705927820     
  0.10392355986763298       -6.5865346597851107E-002 -0.19306534641323986       0.22893793517825056     
  0.17931401460384339        3.5471937430966709E-002  -4.7642658968608038E-002  0.18889573084655159     
  0.15635481521632663       -1.5404423722365302E-002  -2.5699367016704701E-002  0.15919981776562783     
 -0.13603441439445998        1.7353591065644651E-002  0.10498470735228581       0.17270870794595847     
  -4.0835722013897111E-002 -0.16820082570840375      -0.11961699759014044       0.21039795643937409     
   3.6501735144078049E-002  -5.3210259886857209E-002 -0.25812744431721790       0.26607045295465209     
 -0.12000103456261452       0.10100360131616636       0.15842404598559742       0.22293531376024653     
   3.4985576007543498E-002  0.16661954859779610       0.16277821454122357       0.23554789668502996     
  0.16943690828966165        4.1350079288687482E-002   2.6744707873916172E-003  0.17443006547591663     
  -8.1633167160234263E-002   6.1519918130781302E-002 -0.13210313945176763       0.16703267273333666     
  -4.1762673594265838E-002 -0.18407456837880579      -0.14913990995327225       0.24056242510096001     
  -8.6484921651400093E-002   7.4378280110005385E-002 -0.16566368308900684       0.20113733149215768     
   7.2444947195724793E-002  0.15508847286881292      -0.10007154179301772       0.19828015096777479     
 -0.14775877760612774       -2.3743199347387410E-002  -9.2445769499360272E-002  0.17590513401613878     
  -8.1750237477015056E-002 -0.14223913275264785        8.7382046590231105E-002  0.18587817053132155     
 -0.18087452382179511        1.0187087506415022E-003  -2.3766874277222395E-002  0.18243216670365195     
  0.25043718784201907        3.1720846208985187E-002  0.10305024839440670       0.27266160498424002     
  -9.9476930845286402E-002 -0.16321538403014665        4.1338582282723607E-002  0.19556022023829808     
 -0.10285099665604958       0.12873365754658647      -0.10399277923019758       0.19484655560333913     
   6.8751817866575499E-002  0.11832778042551396       -8.3920351757479604E-003  0.13710835982819725     
  -2.7439544899062421E-002 -0.19752919914794417        6.6861594656745224E-002  0.21033588847445592     
  0.14328640364099801       -9.7638973340820924E-003  0.14392660046462369       0.20332533900334440     
 -0.19751841986101817        7.9683077096262017E-002   7.2795403009871459E-002  0.22508240637440302     
  0.11173785088456922        1.8073243760761432E-003 -0.12735949753719339       0.16943746738731949     
  -3.7180252752679908E-002 -0.11673252906120898      -0.12619839311399489       0.17588316849640148     
 -0.12232792507217351       -6.6519089956010129E-004  -2.5535328289637643E-002  0.12496646238993772     
  -2.9701125409178020E-002   7.1972116833815075E-002 -0.14420909169773657       0.16388533973604302     
 -0.12915265405820575        5.9338591105895622E-002  0.11590770159345605       0.18340139512388912     
   5.1288567563690206E-002 -0.17223210091665545       -9.9022860311083774E-002  0.20518270056973276     
  0.10485123766300274       -8.0701116711673709E-002  0.10663932346439541       0.16993645161329754     
   8.5675195819332917E-002   2.8416368149088163E-002  0.20202821828833359       0.22127614002016602     
  0.15165860930078734       -9.2125680677380861E-002 -0.10499599110846829       0.20618349343283801     
   3.7368265056779051E-002   4.0577690630005988E-003 -0.17805531854804216       0.18197952958057426     
   4.4250332580581989E-002  0.21829906798930782       -7.6204311650622195E-003  0.22286912300638240     
  0.20982286327353325      -0.10448583538546299        8.4799769020052415E-002  0.24926677390770743     
   5.5839576679434365E-002  -7.4082582857560850E-002 -0.12296524382869679       0.15403486162695981     
  -4.0797818131610271E-002   2.0763933682039982E-002 -0.22535842208012244       0.22996091256710283     
  -4.6529289732367626E-002  0.13206945233683745      -0.11716309847337868       0.18257739916932059     
 -0.16797208834130037       -9.4321176468679258E-003  -3.5545372145454071E-002  0.17195075104808585     
  -3.4616985777967797E-002  0.16784160727551645      -0.11935761375765964       0.20884295726479116     
   2.7206206900647352E-002  -6.2510816316185408E-002  0.18157421755482403       0.19395096372816320     
  -9.6805323684334574E-002  0.19661573116712344        2.5063742144640754E-003  0.21916956528613701     
  0.16972198220871657        6.0983104044033384E-002  -4.0963048737313261E-002  0.18493907533443765     
 -0.19292591960047703       -2.7785563271938558E-002   3.0399748287439250E-003  0.19494022013681020     
  0.15146672818197918       -1.9422523731244888E-002   7.1382272429069471E-002  0.16856699852397630     
   1.8337009285341800E-002  0.11205177041465460       0.12104974663575220       0.16596652169389156     
   8.0552621297160523E-002 -0.11386576727306978      -0.15938800126764913       0.21179866076683479     
  0.12850460579446685      -0.14801692811612213        8.3452963620596052E-002  0.21304187817512574     
  -7.6735325615588726E-002  -2.3398572429103506E-003 -0.17145670900106025       0.18785949055270507     
 -0.14749853667420154       -6.1474882398339967E-002  -1.4639410813099378E-002  0.16046585878583394     
  -4.2237023704194609E-003  -2.4492242812810535E-002  0.15983670117116028       0.16175747482263175     
   6.4930042944519636E-002   5.2950146081540986E-002  0.13724175926074411       0.16079467942633469     
  -3.6579370219001241E-002  0.13731518738037388       -9.5656728268232696E-002  0.17130008953269246     
  -5.7356098959634859E-002  0.12582801850917305      -0.11973250542819153       0.18291606049203044     
  0.14029867996529977        7.2053290838399481E-002  -2.0313382480005200E-002  0.15902210484214943     
 -0.16750736487500709        2.2938289281583927E-002  -4.0349877053738652E-002  0.17381885680439338     
  -9.0424912865323392E-002 -0.15791057529147148        3.6484708775590693E-002  0.18558973201668372     
   8.8129727543017081E-002 -0.12538243144544792        7.1053005447630976E-004  0.15325830432618384     
 -0.19038450070403551        5.5890023949274979E-003   3.8907277180746512E-002  0.19439977179440010     
  -9.8349992469469585E-002  0.10784307548839274       -3.7422333576713943E-002  0.15067607972026201     
 -0.14041798386717227       -6.2522888480591232E-002  -5.4685392050026198E-002  0.16314660241924428     
   7.7003941760267185E-003 -0.23930067378774761        6.1093572807713915E-002  0.24709620228596721     
   6.4190246271346077E-002   7.3735456322254381E-002  -6.8614221539565964E-002  0.11943708231913479     
  -8.0029567421100470E-002 -0.13134024516254714       0.15689660493286064       0.21970784305623822     
  0.18750990283034374        3.9610408178612437E-002   7.8695898832054009E-002  0.20717623557856754     
   8.9355560941200091E-002  0.20197218755381807       -5.3792904011675115E-002  0.22731224634497912     
 -0.11468870457444906       -6.3420955621464117E-002  0.15891927816593179       0.20598799368333529     
  0.17760860681153723        4.8532775054464093E-002   4.3889834317645121E-002  0.18927906652467613     
   4.3347562932345853E-002 -0.11891182584614349       0.12400751391649084       0.17719169575910126     
   1.6489046079951688E-002   1.3122749574070169E-002 -0.10991588661409681       0.11191781505718165     
 -0.11474397507388194      -0.16147363454478489        9.3095729497791310E-002  0.21887605926547635     
   7.9297717458850919E-002  0.14495247278484621       -9.3124446648886527E-002  0.18966156680858315     
   2.3801713392708753E-002 -0.15119737024893773      -0.10432246607841900       0.18523051384506251     
 -0.14568394188141126        8.4249913941952345E-002  -1.8644679916557216E-002  0.16932065145906941     
  -6.2250263212694827E-002 -0.13766325291573955      -0.10926830493642689       0.18645597050529819     
  0.16522125579598460       -4.8451754008093977E-002  -8.9196181263677912E-002  0.19391130597591755     
  -1.3422512744717336E-002 -0.19353965833760478        6.4493142186940494E-002  0.20444346061188606     
 -0.10270469721327388       0.12734288281321188        5.5640809732734969E-002  0.17280151718247180     
  -6.7521966380601456E-002 -0.22216655323766116        3.6387251886970305E-002  0.23503451963762986     
  0.16212845488620181        1.1826870718449126E-002 -0.14539407298584012       0.21809389540789509     
  0.22177643308303882       -2.0042031570457051E-002   8.1062316608038198E-002  0.23697588163011149     
 -0.18477537978839528        3.4001638996401351E-002   7.5743127449037828E-002  0.20257115734020109     
   3.0569415991174246E-003  0.10230256149295898      -0.18802307464082013       0.21407436926766474     
   1.8518823968473590E-002  -3.3711423276731975E-002  0.12686335657898212       0.13256590113224540     
  0.10638360578193587       -6.7329190883594667E-002  -8.4670116702254064E-002  0.15172251048074306     
  0.10038480493650304       0.16476763916678394       0.10436080388333421       0.21935510335050568     
   9.7520512182656643E-002   6.1237383808205544E-002 -0.17894066923975796       0.21279104910689645     
 -0.10090215625965293      -0.20415582315877231      -0.12454970890061530       0.25956400993726259     
  -2.1857035666021415E-002  -5.0233237332311519E-002  0.20081894664594990       0.20815705001988027     
 -0.16964108830877719        5.2259664460945834E-002  -5.2478205145449992E-002  0.18510303451711677     
  -6.9944115988520419E-002  -8.8163911318014695E-002  -2.6289504465740552E-003  0.11256982722184884     
   7.9083944506592140E-003   7.0306887315589081E-002  -9.0363965347645861E-002  0.11476605482521694     
 -0.13204367741480391      -0.14384637728102539       0.12593682022043828       0.23235187903121182     
   1.5280132341215769E-002  0.12222143289185303      -0.21522400791297769       0.24797768989291816     
  -1.1770055089874469E-002 -0.19585492808562133        1.3199364511814773E-002  0.19665174872285865     
  -6.2497770705893456E-002 -0.11890651822290553       0.18499832635232699       0.22862439102655405     
 -0.13422689579076288        3.4439283973861021E-002  0.10801935067257001       0.17570174715688006     
 -0.14491317616856281       -6.1729289470180783E-002  0.10276176667486855       0.18806997233980341     
   9.3857715844793358E-003 -0.17777194297393223        7.4594374664396805E-003  0.17817575487220125     
  0.13156857810566633        7.7267364704589697E-002   5.3010610172312671E-002  0.16152603871815774     
 -0.22102029104013254        6.1757407450349848E-002   2.5239223666886010E-002  0.23087001719097375     
 -0.12330278483013152        8.4487122025306380E-002 -0.11680795586599872       0.18969910144378077     
   6.1899392373432768E-002  -9.3557282605982190E-003  -8.8914737149207140E-002  0.10874233264832486     
  -6.2857141837896410E-002  0.10460849727817313      -0.19333739826665539       0.22863356610818611     
  -7.8535611677699207E-002 -0.11507672250758237       -2.3829139259031858E-002  0.14134469301145980     
 -0.12209467211229470      -0.12608221689627772       -7.9910046700553655E-002  0.19284566352234483     
  -7.4933310442116319E-002 -0.14307604362358908        7.8938090526701518E-002  0.17976923376594636     
   9.8634732770273431E-002   9.9734404498988682E-002  -5.1612195430558623E-002  0.14946431235112054     
  0.15355843101950245      -0.14918476901150859        2.8114124593945643E-002  0.21593214453589896     
   4.0980811225345415E-003  0.16822683943467107      -0.15845886267105685       0.23114124455421264     
 -0.12205611621166357       -5.4351592544206698E-002 -0.10739520994456461       0.17142205877833722     
  -5.2754871675042184E-002  0.13407060419314420       0.10945760200622646       0.18093913349830759     
   3.7666674882300358E-003   8.7788332555858439E-003  0.15287776189196772       0.15317593080635564     
  0.11392351428114229       -8.0025946108270532E-002   5.0323602377838339E-002  0.14803777934355888     
 -0.15907641773136533      -0.10282849998051180        9.7774957265946816E-002  0.21316413712171117     
 -0.19862812888447201       -3.7060117028524693E-002  -7.4944420572103264E-003  0.20219483801537383     
  -9.2849508126205599E-002  0.12502726567083128        1.0002885995021360E-002  0.15605417664590826     
  -1.4250966858644291E-002  0.11241621481305086      -0.14490855104509259       0.18395375390376892     
  0.15297209677832063      -0.13968632323903982        1.8036046382667269E-002  0.20793756337399727     
   9.8729035137121821E-002 -0.15296085128709583        4.7491203296884762E-002  0.18814850197693872     
  0.16903713834875059       -6.5973928983528746E-002  0.15313601585479464       0.23743789250778458     
 -0.12047103155745388       -6.1714710379202134E-003 -0.13968761030685556       0.18456431121029027     
  0.18405459122549256       -5.1416246972942420E-002   2.0154853553684779E-002  0.19216123731319035     
  -3.3278297403327765E-002   5.5443872466940325E-002  0.16496402024582948       0.17718520267748408     
  0.22201951841390644      -0.25776188399622441       -4.4165596866007330E-002  0.34305168028236893     
 -0.13694218262587443       0.16391860825276514       -6.8591541180225743E-002  0.22433740444994996     
  -8.4030276138836249E-002  0.11888650746938642        5.3148302297325971E-002  0.15498332492021680     
   8.9549846725476917E-002   4.8063321394901500E-002   9.1293124005211307E-003  0.10204215921359325     
 -0.11456125945101209       0.17971120396569362        2.1272423185697595E-002  0.21417963251904382     
   9.1708805765641277E-002  0.14412637404381487       0.11279678941088937       0.20470962960100894     
  0.24719653872076019        1.3545228619539060E-002   4.7416809358461001E-002  0.25206736358286552     
 -0.13294221071843448       -4.4750868393640550E-002   9.0231759453589466E-002  0.16678741567270597     
  -6.7734352478845905E-002   8.1875912676420415E-002 -0.13615732026057925       0.17271486167341624     
 -0.18545409610580116       -9.1270937539516608E-002 -0.10626916645867082       0.23241502004298853     
 -0.18881568385533748        3.8606245389512517E-002  0.11293878566633865       0.22337630572784839     
 -0.13802473269187496        1.4003006447900295E-002   1.8123959921985948E-002  0.13991207577438491     
   7.5414075760971089E-002  0.12471086849614660        6.1463446595570174E-002  0.15817028422352652     
  0.10898502126763840       -8.0378901386872634E-002   3.2527333507058762E-002  0.13927142590620523     
  -8.5991139845797454E-002  -9.0494341550373211E-002  0.10992145773848803       0.16633228446687465     
   4.5643489159195173E-002  0.10377168420923530       0.19036377735298748       0.22156321507494112     
   9.0413411715710337E-002  -7.2829815444755808E-002 -0.13146015945757211       0.17538683120577220     
   6.4617213589818201E-002  -9.8098181422960201E-002   8.5316165115831274E-002  0.14518087174513034     
   4.1557939529872620E-002 -0.11191543739607518      -0.12300851609023326       0.17141535081854409     
  0.15367019141837493       -7.8851228661298886E-002  -3.9085246856664403E-003  0.17276377096247608     
   7.3567170409078481E-002  -9.4090680651527273E-002  0.12236386451220221       0.17099152050855229     
  0.11775915425631775       -1.2275732065786884E-002 -0.24993721980689607       0.27656197470678234     
 -0.14637026224084432      -0.13293661404590454        3.5536813529092608E-003  0.19776002041262367     
   4.7230801967554761E-002  -1.5998617151703823E-002 -0.21019628847672042       0.21603051658192607     
   9.5846393147521664E-002 -0.17731507793245938       -3.0238409724545640E-002  0.20381739220256187     
  -1.0881915354125159E-002  -4.2763193282402925E-002 -0.14697313607271492       0.15345425868489695     
 -0.16618802971644267       -6.0750403722742527E-002  -5.1644356462842704E-002  0.18432637447736719     
  0.13966194234805845       -8.8085753959247282E-002  0.11038746963019111       0.19862011892645171     
 -0.10235060772884796       -9.6144230586227203E-002  -2.9402935308689239E-002  0.14347087712232440     
  0.17273410033585906      -0.13473331709223690       0.14516235922591880       0.26279696856994106     
 -0.17432654447356105        5.2655946676238706E-002   4.8970806593896993E-002  0.18857500557316767     
  -4.1331104594831802E-002  -9.5145459553058781E-002   9.8742708960275524E-002  0.14321676317179266     
 -0.18922748380044410       0.13987007232740109       -3.7876274552399475E-002  0.23833860352928246     
 -0.10934173947463566        6.9667939821073527E-002   7.9824696775387616E-002  0.15225380141570982     
 -0.10142676765817084       -7.1785969836689559E-003 -0.16320744404665097       0.19229038261046552     
   5.7598917538477623E-002   2.2612498442520446E-002 -0.17126883996499345       0.18210429959331512     
   9.9835697859249464E-002  0.17991663336303454        1.2905173560096773E-002  0.20616426710841082     
   5.9143865840166975E-002   4.3267282735012957E-002 -0.11901166393951386       0.13976348155166643     
 -0.11306263257134926        1.5815095011073400E-002  0.12078601348391789       0.16620029232077299     
   4.8982745536701726E-002 -0.19843248628459809       -6.7765980528325526E-002  0.21532995400168056     
 -0.18467509787461739        1.9796402793100347E-002  -4.1828208689543969E-002  0.19038484283346252     
  -8.8842940062502408E-003  0.10404424625701360      -0.18547130832791672       0.21284675725048935     
  -8.5670075098294371E-002   8.1270911869496004E-002  0.10025906503076834       0.15490707861260122     
 -0.16175148336746079       -3.6541864117016730E-002 -0.17301912778971784       0.23965489518437794     
  0.12736717904778702       -8.1626225331184021E-002  -7.8597411140754553E-002  0.17047812762473979     
  0.10208974616143986       -8.7339746892903733E-002  -6.0981519295609216E-002  0.14754420813513647     
   4.6640909452924928E-002   5.0725455297164490E-003 -0.14944286478552296       0.15663420759224686     
  0.12027830403197828        3.6083593655100686E-002  -9.3312309848825131E-002  0.15644834074287453     
  0.19478294654027270        4.3946985395462532E-002 -0.12241003412311273       0.23421347152177510     
 -0.14615576894623100        1.9903532471726845E-003   2.3061268628828648E-002  0.14797733749829259     
  -2.8835693069977787E-002   2.8188829310094449E-002 -0.21838318465305409       0.22207503829091085     
   4.7986885561936574E-002  -4.4762529875164152E-002  0.17940145558263032       0.19102698116215375     
   7.2366298918999802E-002 -0.19228455759997712        1.2890253934586775E-002  0.20585526701338269     
  -3.0320857119664004E-002  0.16723152194099863       -6.5743410473959499E-002  0.18223043743546607     
 -0.18513641083254173      -0.13172092020901829       -9.2561132033039353E-002  0.24534354403550948     
 -0.23695877105953475       -1.4979932372674708E-002 -0.11499196875605074       0.26381245314489504     
 -0.12991952494328443       -3.0605493450342431E-002  -6.1586776803428334E-002  0.14699901451323732     
 -0.14741231846668748        4.7070161563100080E-002 -0.11001539335773605       0.18986673884848243     
  -4.6189229541169677E-002   5.7813748459565016E-002 -0.13638948962003689       0.15517076823734188     
  -7.9639648158633308E-002  -7.4659104922353475E-002 -0.17189870435904825       0.20363108816425199     
  -8.4882298878497589E-002  0.17824645413494114      -0.11290440631368485       0.22742956720625379     
  -3.6345225289520319E-002  0.16531549438932203       -6.9169947925037487E-002  0.18285149652787736     
 -0.11899673985007328       -9.6911606473494144E-002  -1.6646382843061799E-002  0.15436704838137311     
  0.14136003413019285       -2.1548416171980660E-002 -0.10474473629955942       0.17725251273613699     
 -0.17205586288158534       -2.9983605578260211E-002   1.1601839379773802E-002  0.17503382310968826     
   1.4956067430319867E-002  0.12734216535054049       0.18386086776005175       0.22415291593602771     
   7.3233798944619235E-003 -0.17916340388043656       -9.7097628314183546E-003  0.17957571293843005     
 -0.14302575728822836       0.15685989560443192       0.11370362482726958       0.24081093911150497     
   9.6241708534313269E-002  0.21311162495547251       0.13872089743464061       0.27188695911690536     
   6.8374276703871376E-002 -0.16228712516774008       0.15188615554029050       0.23255441719046452     
  0.10006989683565813        3.0199738939267022E-002 -0.18283183769057104       0.21060268126975606     
  -8.7798385377197960E-002 -0.12172689802248196      -0.12682783580180412       0.19649756769789309     
  0.16250201363333217       -2.8982501815678866E-002  -6.2959465520039185E-002  0.17666574128832252     
   4.6591223424940487E-002  0.16441210661633845       -7.3179288453425403E-002  0.18589591485776283     
 -0.16386475733040368        1.1485210805444446E-002   8.7284603735652444E-002  0.18601658746328903     
  -6.2769620946745250E-002  -8.4399984169323858E-002  0.17546334936302013       0.20457460646734593     
  -2.0499635987176024E-002   7.5372826330737117E-003 -0.24422802603674101       0.24520272104301902     
  0.12501145297877303       -6.9749680216493942E-002  0.11386680396828919       0.18291673054185051     
  -1.6347484751144371E-002   8.8354940903060314E-002 -0.11487150830159891       0.14583997826095726     
 -0.14573854498270997        4.0210142597175383E-002  -9.5363937528808562E-002  0.17874803395383415     
   5.2517180244614332E-002 -0.15056887364825636        3.1721692113452341E-002  0.16258937752230482     
   9.4343669148932059E-003  0.14984752944090077       -9.5393915843517904E-002  0.17788560520341892     
  -6.3822297224370717E-002  -6.2737255956850767E-003 -0.18427504394417971       0.19511518925105559     
 -0.19182963395396480        8.7907396280719266E-003   6.6637991606178379E-002  0.20326462429902989     
 -0.14933300132905139       -1.5678129709024626E-002  -5.5189572488220720E-003  0.15025514276133708     
   9.3129911385243611E-002  0.12729687798075801       0.11818915992060489       0.19709478192232699     
   7.3571927471108148E-002  0.14889697608441430       -7.6868579035594603E-002  0.18300796824687196     
  0.18336825328200335       -1.1401753966267022E-002  -2.5385757475185448E-002  0.18546792980941249     
   6.1484630255403204E-002  -5.2505986919469991E-002 -0.18335724646837906       0.20039241066591595     
  0.17010780107973336        9.9261319813188864E-002   8.3463981817454291E-002  0.21390584344534078     
  -2.4133697710885332E-002 -0.17026197991416422        8.0402673061066660E-002  0.18983194411072238     
  0.15950316628796549       -6.7099119218862788E-002  -8.2652772045749917E-002  0.19176817406097454     
   9.6669895895494309E-002  -4.0587435598571371E-002  0.17007425249136870       0.19979404410895668     
  -2.5084118265359619E-002  0.24664850077825509      -0.13066776586425666       0.28024767788737814     
  -7.5498654762021236E-002   2.0471165452365544E-002  -3.5705885914753627E-002   8.5988521180506400E-002
  0.10025527164456369      -0.11006169433985308       -5.4544269623380860E-002  0.15855526923515526     
   9.4336044589932500E-002  -1.4616272372675848E-002  0.20777196838916137       0.22865282761263342     
  0.18060210463714113        4.1686213814326245E-002 -0.12122287651221493       0.22147199915888760     
   2.9848572203476961E-002  0.12897397479218264      -0.14254349588277565       0.19453501395574940     
 -0.10852241119758942      -0.14651395868629785       -7.7855529517199082E-002  0.19825472831302746     
  0.13974335603069588       -7.8640129870658299E-002  -4.1941159638689239E-003  0.16040594187720791     
 -0.11168044107665813        5.8211897254852596E-002 -0.16789641884409282       0.20988176043133780     
   8.1694691894092744E-002 -0.16904201674281602       0.15151113502954427       0.24125681367805973     
  0.14189513945436844        5.5155855184241306E-002  -4.3835077494224779E-002  0.15842320846645025     
  -6.8604926347342290E-002 -0.15360351158521438       -3.5696170285501053E-002  0.17197351907629510     
  -7.8955804731533116E-002   6.9812184338066241E-002  0.18522288193423170       0.21310860183220776     
  0.11835388756150229        8.0588212538012502E-002  -8.4953944204391799E-002  0.16649106683806045     
  -3.4696225666002944E-002  0.18311537996013894       -5.4664303596159855E-002  0.19422475779638748     
 -0.14450519753615881      -0.19532456409255930       -3.5819921224777090E-002  0.24559418602536548     
  -5.4879884672057379E-002 -0.14413122787504296       -9.5396614993152773E-002  0.18134532456762623     
  -3.7500906500859757E-002  -5.5193469783788668E-002  0.13951466969182033       0.15465115633055559     
  -1.7715776213240029E-002  0.14027170592883831       0.20472235647027265       0.24879960500323445     
  -2.4104221214986607E-002 -0.14595933043283871        3.2791965555240256E-002  0.15152706895389903     
   7.3582898773968397E-002 -0.10359122390061759      -0.14493966227410363       0.19275136928525094     
  0.11453063479186583      -0.13853333293305656       0.16578115043391148       0.24452431469806848     
   6.8655508286385114E-002 -0.15276409976968724      -0.13177905087990466       0.21311069247532691     
 -0.20023229202934831       -4.3208033550611098E-002  -2.4467493673004052E-002  0.20629726896223191     
  -4.6382710648107596E-002  0.15367696397041455       -9.1827977749742634E-002  0.18493334637062456     
  -7.5256243776537904E-002 -0.15967318256403926      -0.10360947666345245       0.20468011899536606     
  0.18883198681332652        1.2133452533155944E-003   3.5823892907913976E-002  0.19220390930896739     
  -4.9253094063841520E-002  -9.5518274361713895E-002  0.20090539325074538       0.22784333444087829     
 -0.19140070924724167        5.5124018347199655E-002   9.3089677415459343E-002  0.21986035781923904     
   6.0881247385356232E-002   3.2382587005447536E-002 -0.11144148143720142       0.13105099011178983     
   2.8382354187227472E-002  -9.2350455112420932E-002  0.16246747268873396       0.18902339609303662     
  0.12242672659801732       -5.0888081396689551E-002 -0.12625331701241171       0.18307867235256625     
 -0.11407478120266862       0.15452404266349334       -9.5007022109991929E-002  0.21428268646279924     
 -0.18962244948383480       0.11797892974704544       -3.9839955420904460E-002  0.22685440983249017     
  -7.0238800940352203E-002   5.7660198677513971E-002 -0.17695123992402159       0.19892191679077864     
 -0.15459956899888549       -4.9565312856515220E-002  0.10070788980022130       0.19104927647394768     
  -9.7696460245723538E-002  0.18150254040716859        3.2644540828118192E-002  0.20869460118718641     
   1.3101988233589226E-002 -0.22726728962242221       -6.7625633612880057E-002  0.23747696593467449     
 -0.19188143636227867        3.1301515200030751E-002  -1.9331663740748958E-002  0.19537651777338630     
  -8.9993722664541947E-002 -0.12666112589655640       -2.2280793199145672E-002  0.15696606218539375     
   7.8623222008997795E-002  -5.4060342650340563E-002  0.16412131027101326       0.18984187149209888     
 -0.15468810207149061       -5.4448727101549473E-002   7.1062223503551736E-002  0.17872580231944030     
  -1.0342132376014996E-002   1.1299335044844839E-002 -0.18017571479880670       0.18082566985303722     
  0.10378229837547867        1.3795960241781506E-002  0.17570810986603341       0.20453467639445339     
  0.16629588543836588       -1.6950978341186772E-002  -1.5828749745163455E-002  0.16790534982229871     
 -0.19393240144742721      -0.12006713366118152        5.2363906203431523E-003  0.22815195090883378     
 -0.13691937271830640       0.12731512038574852        9.1066258398973837E-002  0.20796422269996542     
   6.1696819880459504E-002 -0.17446796755064298        7.5033801886915746E-002  0.19968885975491721     
  0.22567377149705783        7.2719429420505771E-002  0.10045610205915202       0.25750377666719559     
  0.12180259321502408       -3.9174286418287768E-002  0.26748297741125521       0.29650908862137221     
  0.11385291601961547      -0.11759515826185846        9.6647748813134572E-003  0.16396498286618280     
  -1.6767478703878184E-002 -0.15804705167031805        5.2978862979791153E-003  0.15902228297629079     
  -5.9274201334725066E-002   6.7851654115245214E-002  -7.6394533640091800E-002  0.11812452192551517     
   7.7048310179169022E-002  -8.0675046524214741E-003  0.14016460434343581       0.16014881530481012     
   5.8520161152875443E-002  -6.9574629192865500E-002  0.10469734133524480       0.13866063454114150     
   2.4643900595028002E-002   4.7455761209960964E-002  0.22291328338094810       0.22923721996270441     
 -0.17949920862016311       -8.5777393177237093E-002  -7.2217116420608685E-002  0.21164366038144139     
 -0.10339964016524059       -5.8168222579469256E-002  0.14976234959428322       0.19105964791225857     
  -7.9079529239097349E-002  0.19911629044785750       -5.6260112756164993E-002  0.22150862139819569     
   8.9652137121844735E-002 -0.12126686887529133        9.1698092853448626E-002  0.17649844024888955     
  -5.7563657262774681E-002   5.1240113236319107E-002  0.21546788934960431       0.22883517033600914     
   3.7612569165713435E-002   9.6298728669378303E-002 -0.16877966644831524       0.19792606273300306     
  0.20105472672014052      -0.10066718326828880       -2.7504932487788757E-003  0.22486540449076023     
   3.5217311434865915E-002   8.3716562148211451E-002  0.14911598950223645       0.17459753757669888     
  -9.0497070166816101E-002   2.4045832203972564E-002 -0.19368338472893817       0.21513060050866106     
   1.2927854503975539E-002  0.11755039082772850       0.13853846485521318       0.18214864822519769     
   7.5919142258764977E-002 -0.11694977217960499        2.1205741196411727E-002  0.14103421157243123     
   4.8532379229771008E-002   9.5563699819046027E-002  0.14017338905476737       0.17645506951036069     
  -1.8790530539798587E-003  0.18583814082821462      -0.13457331539730055       0.22945440210178650     
  -9.9738930719637506E-002  -4.2272245594443654E-002  0.15474819115252561       0.18889626707183024     
   3.5315320565278471E-003  0.14285519977890429       -2.0237367318914332E-002  0.14432474097859174     
 -0.17248820795441516       -3.8208593971696958E-002  -4.7659033607964543E-002  0.18298486828441488     
  0.10049920374114198        8.2596009144026317E-002 -0.19484282509594170       0.23427743632388368     
 -0.18498090346420865        1.3097281968619624E-002   4.3637773889223262E-002  0.19050913036231984     
  0.16441298131054521        3.2491545850102541E-002  0.14131746156378633       0.21922124422141032     
  -3.3717200562279587E-002   5.6643251906651065E-002  0.15558218527115686       0.16897077846203437     
 -0.16943865407813430        4.1299115330674922E-002  -5.6033699268003279E-002  0.18317982933872134     
 -0.13132682388487613       0.14142617626277909      -0.13189173405725560       0.23375955064259893     
   2.9514534971989154E-002 -0.19914356601011340        5.6923330357794476E-002  0.20921169469429707     
   8.8170811035460130E-003  -2.2658844197069674E-002 -0.21172292181761390       0.21311442879946219     
 -0.10567715152143141      -0.18818024831254504       -7.6797003633400376E-002  0.22907912601484054     
   2.8676984086460654E-002  0.15154488238688232        9.4313311920370610E-002  0.18078501486389362     
   4.9766927471960550E-002   7.4978700242027047E-002  0.17962348268864614       0.20090581896296955     
  0.10555392991276671      -0.11198228548019171        7.1356061127308301E-002  0.16962709642330315     
 -0.14960170727955122       -8.8843653147017421E-002   4.4079446035452810E-003  0.17404969261992964     
  -9.4575185786361649E-002   8.0782210239655303E-002  -9.5255653115237510E-002  0.15666483558265126     
 -0.14469610766906063        2.5796148493784001E-002  -9.5738830420402959E-002  0.17540903198511876     
 -0.18139145928858744       -1.5567086782681880E-002  -5.7768149774368338E-002  0.19100354662177527     
 -0.15446259038909682        4.6640620522761349E-003  0.11302247377870253       0.19145371472916081     
   4.6442729985287159E-002  0.11622776047941936       0.14925118160414258       0.19478638218515257     
  -3.6102466482821866E-002  -4.2644633710215166E-002 -0.17342882803726764       0.18220733043651632     
 -0.10338714495830668       -4.6254218901526360E-002 -0.19438150258391612       0.22497227174832285     
 -0.12231986275446410        9.0658248879554648E-002  0.12104790303165398       0.19450877034863726     
   5.5572799242177534E-002 -0.13761868470255129      -0.14236522117730752       0.20565771222041559     
  -9.5382706491176167E-002   9.8158944287597381E-003  0.16164295472272672       0.18794322890839110     
   1.5271942036220400E-002  0.17467206513742278       -6.9653384240504490E-002  0.18866678692627672     
   7.3808534593190103E-002   5.4628959296879442E-002 -0.13692492633679951       0.16486497027868660     
  -7.1268443461378533E-002  -3.1752241267138520E-002 -0.15399419876283651       0.17263142561973552     
 -0.13483366395502994       0.14500290515935149       -7.8730886717799500E-002  0.21308334511068855     
   6.9115166702956143E-002   6.8430847640146397E-002  0.11676164720490374       0.15196371091523381     
  0.15182686126558087      -0.20382367035240359      -0.12311803424350236       0.28240668326664553     
  -7.8807100111336903E-002 -0.12593292143615964        7.3498430047695823E-002  0.16574582633924834     
  0.10660935826467310      -0.20732460546459677       -7.9000846899864974E-002  0.24615072844001912     
   8.4600981027689315E-002  0.11534431855474847      -0.10804743204723398       0.17926484704399909     
  0.15070584061429868       -3.7594997971878416E-002  -9.3938791940961650E-002  0.18152170916751312     
 -0.13449187295034024        1.8871347385376158E-002  0.21726260855576823       0.25621715929712235     
 -0.12760737520474336      -0.10540715241192439       -6.4198169654601289E-002  0.17752665989432623     
  0.13875551539997721      -0.11574246063854851       0.17188818683800786       0.24938917182395301     
  0.10909197185147132       0.18054319671445840       -4.6450903184282542E-002  0.21599673749608678     
  0.12053026090841598       0.10127712663454738       -7.6069507770252454E-002  0.17484613288949080     
  0.17010279130262593       -1.6355747963710539E-002   2.9490608148038423E-003  0.17091274692101388     
   3.9565900948279650E-002 -0.12692126105579207      -0.13672496802610334       0.19070444123716832     
   9.2611199951626727E-002   5.6364644035828117E-002  -7.5199547133618941E-002  0.13194233339935738     
 -0.20929683831434615       0.13690420655271995        7.4827873982953041E-002  0.26105006995789154     
 -0.10016251067084503       -1.5425864513407821E-002 -0.18155737609613667       0.20792683005035012     
  -2.8539349167141029E-002 -0.11415329505649778        7.6769684747987260E-002  0.14049574270932619     
  -4.8160179368172545E-002  -9.3520511568662548E-002 -0.12119898032581276       0.16048265262281666     
   8.8387623260827025E-002 -0.12297588328056205       0.14431171991715300       0.20919204650220125     
   8.5340826188527175E-002  -8.5552171831810131E-002  0.12382794481054459       0.17301904703148507     
   3.3971592062613770E-002  0.11217299615315254       0.14447652845075171       0.18603848367051556     
   5.5685296548588580E-002 -0.12742538876503340      -0.13979852447908223       0.19718445527006612     
  0.12309140275902136       -1.3766442723145396E-003   4.7478626219856088E-002  0.13193789649058726     
   1.1101217981522709E-002  -3.4979697124538915E-003 -0.15643865781315774       0.15687105051973352     
  -9.9572068568761135E-002 -0.14436971105201724        3.8970411502716323E-003  0.17542062945398390     
  0.19524812065699981       0.19924768574885052        6.7642505523992313E-002  0.28704873706380657     
   7.0156126788086540E-002  0.16751718145795363       0.10192854210266647       0.20826261283460862     
 -0.20249628313175155       -2.6448985743879827E-002  -8.0372776294374676E-004  0.20421787264431918     
   6.4634504314066366E-002 -0.20448259504817820        3.0284796083780961E-002  0.21658236239222825     
  -5.3011242948185336E-002  0.13201879771280645       -5.5359313176053040E-002  0.15265584949084249     
  -7.5886260675757142E-002  0.13421274669290043        8.4060245015113333E-002  0.17560726273762853     
 -0.10552909865541761        4.7976654338405131E-002  0.15371910273553299       0.19252977060794785     
 -0.14423410316333524       -5.9304546604729606E-002   5.6626704836279830E-002  0.16591289722001523     
  0.12166518974023133        3.8422323061043102E-002 -0.14447450979383913       0.19274744429979809     
  0.25190176572289485        3.8598096806016793E-002   4.8813669439999430E-002  0.25947463647832014     
 -0.17311881646481045       0.13082516050934387        9.0709728053110839E-002  0.23518843934160888     
  -6.0779828076151940E-002   7.1744586020450668E-002  0.17662282441779159       0.20009271658291430     
  -6.9350499365004759E-002   5.5749840152997374E-002 -0.15398028830749677       0.17784112467739319     
   1.6455889647914831E-002  -7.3848048287396814E-002  0.19134226130086124       0.20575760374695537     
 -0.10613446997106986        7.7526161696333029E-002  0.11174327992131006       0.17251490390971488     
  0.12940118724364988      -0.15452919761188938      -0.11249201170042233       0.23082112743648153     
   6.4531666400557533E-002  -5.6614839934362136E-002 -0.13522898837189101       0.16017632585782246     
 -0.16095155393617822       0.10399432197946147       -4.4455636162331703E-002  0.19671432409724515     
   4.0944179916140272E-002 -0.14470669042232898       0.13378076511523537       0.20128026539332364     
  0.15063286009532481        3.2484843900494387E-002  -6.7640665895543350E-002  0.16828779904238367     
  0.18106881491593840       -3.2169959051584943E-002  0.11478799741828338       0.21678816008200918     
 -0.10219789522516329      -0.12216896961424098      -0.13451405565308158       0.20847949082175712     
  -2.4599443766488979E-002   5.9099589525724160E-002  0.18841086666568116       0.19898881574963659     
 -0.20947823728544004        3.8024431121490895E-003 -0.11541177055400852       0.23919754859163453     
  -8.2984545676087124E-002 -0.15100204821904517      -0.12207290523344168       0.21116308289932278     
   9.9972119814291063E-002  0.10387877162659158      -0.17626332885087892       0.22771470095803131     
  0.17574241232399740       -9.0740818518601260E-002  -1.6824049363223896E-002  0.19850022738490714     
 -0.11514140907955506        7.9597389219112247E-002   8.1093321514428551E-002  0.16176963636469846     
  0.13885756746376865        2.0128871307742831E-002  -3.8928400277594991E-002  0.14560912007924295     
  -5.2323992128558688E-003   4.6937839297224844E-002 -0.14126931882305072       0.14895488981615726     
  -5.1506387287272977E-002 -0.15353326809241730      -0.15534556777813444       0.22440503062729142     
 -0.20988121188978576       -1.1942372555732949E-002   2.7223724696648896E-002  0.21197611788346349     
 -0.11071777321966975        4.3236363041964446E-002   7.3802206482061983E-002  0.13990916366499973     
 -0.17932732222422573        6.0841636631659167E-002   3.3125874834487604E-002  0.19224285897707688     
  -6.1020762373668685E-002   9.9564039359881354E-002  0.17465942072184831       0.21010103431732877     
 -0.17084268563514987      -0.10549288985036083       -2.7844827628174838E-002  0.20270990964837851     
  0.10625312836446958      -0.23333986688574657       -7.4575594275053773E-003  0.25650114221599318     
  -9.3983737554316660E-002   4.1792758502507479E-002 -0.10225364989197053       0.14503581110938521     
   7.2596017534705140E-002  0.14712644214082393        4.6512179488929981E-002  0.17052787038993616     
   4.8903633860870557E-002   6.6531979001847819E-002 -0.11161989378183425       0.13884188965354932     
  -8.2662868108604355E-003  0.11858536750279247      -0.16872916737278731       0.20639852907839684     
  -1.8989827978466448E-002 -0.10253637813591801      -0.20885060537328734       0.23343713880330250     
 -0.22400141591824324       0.10488364403837495       -3.2606235090611363E-002  0.24948021902934622     
   1.5566267991544845E-003 -0.13345989537768932       0.16512056287820087       0.21231760889391513     
   8.6026213092988468E-002  -4.1588828884781388E-002  0.13976635345466029       0.16930674406278362     
  -9.3180899946354187E-002 -0.12752686713215500       -7.2120886676597384E-002  0.17362950282245637     
  -6.9250217377267609E-002  0.17388884526346482       0.10875965937222570       0.21647537185699114     
  -4.6311935742242204E-002   1.8960094178159172E-002  0.18656462033937243       0.19315961825861122     
   5.1888240888918566E-002  0.18722756990986822        7.4374405572558949E-002  0.20803390272062033     
   9.9364312643665187E-002  -6.7893797508131962E-003  0.15429010058319015       0.18364312522531229     
   8.7410238487471259E-002 -0.12175264496208066       -6.2513350583257493E-002  0.16239512107463180     
  0.16423988547917528        1.5071817504415323E-002  0.14657021560632347       0.22064615964929724     
 -0.14815165252918583        7.7089255642829105E-002   1.1834757686947266E-002  0.16742678092886701     
   8.9083647971330004E-003   4.0279511045360858E-002  0.13715756052130912       0.14322707279550442     
 -0.20647734710989893      -0.10581055202443412       -2.5946238652499610E-002  0.23345658073712472     
  -7.9132388016824470E-002   3.7140314442070416E-002 -0.15192840908497104       0.17528142878579989     
 -0.11140245579800397       -4.9692820541308670E-002  0.10742075521991595       0.16253954049151867     
   2.3781386898436068E-003   2.4459946334413424E-002 -0.21275124474518878       0.21416590918943595     
  0.13061727035060602       -3.3993795238898721E-002  -9.6599060815687157E-002  0.16597538365390302     
 -0.12125193201651641        2.8003871493947750E-002  0.22102000531726626       0.25364560036955475     
 -0.20342501725788689        7.8540139506869264E-002  -5.6883127047125830E-002  0.22535745229033260     
   6.8010734378910850E-002 -0.17800937572578829       -2.0847908112999478E-003  0.19057057535141805     
  -1.4265434843622018E-002  0.16618829137235686        6.7619128342107412E-002  0.17998443637794739     
  0.10210963833575409      -0.10193817735436550       0.13577186981576836       0.19812059680068231     
 -0.12906586022854444       -7.0930382821599053E-002 -0.17276419886636415       0.22701670399706136     
  -7.9552472857720907E-002  -6.5983707679810294E-002  0.14098385203937122       0.17481101839647406     
   4.8414734186178407E-002  0.21737632321167061       -7.5529203037556461E-002  0.23516188656079332     
 -0.15426136249001152        2.6124859241650148E-003   6.5852292928806205E-002  0.16774956788009915     
  0.18794311667466715        8.4779601491865766E-002   2.8230705133986834E-002  0.20810374491313036     
  0.21642313448917591        9.5983483070057024E-002  0.12271261478030286       0.26666493581008893     
   6.3845191984692171E-002 -0.21016215696032389       -9.6792414941884425E-002  0.24002731583730205     
  0.12010368937872999       -8.9484632047823795E-002  0.14332513519725659       0.20730289422588569     
   8.3035746841472219E-002  -2.4119320727445638E-002  0.17295261156737343       0.19336308524082152     
  -8.5691494876444604E-002  0.17593585851018101       0.13285774727094957       0.23653253394361137     
  -9.5766670585750321E-002  0.20963828888580885        8.9763642863075935E-002  0.24733980460512076     
  -2.9868140454535137E-002  -9.1391002561926171E-002  0.13281209150707807       0.16396180291144127     
  0.16247089451403945       0.10175966964207107        6.4799914436299094E-002  0.20236316572145055     
 -0.10874565065225944       0.11611640995813734       -5.2298826521017475E-003  0.15917282704627767     
  -9.2239176082521621E-002  -8.3914923400072797E-002  0.17074477053113105       0.21143215611006549     
 -0.18115025042121821       -4.8158429664766148E-002  -9.7326144828805278E-002  0.21120375480252210     
  -3.5881901919899472E-003  0.21669111127360907       -9.1646907016462831E-002  0.23530207899534103     
  -5.6960287387588932E-002   1.3604368072182918E-003 -0.15639689893853581       0.16645214064461214     
  0.21170672771939320       -4.5354398499236830E-002  -3.5249366308046023E-003  0.21653910779148428     
   5.3102531056951209E-002 -0.12127633863213833        9.8769735289472665E-002  0.16517654108808569     
 -0.18030011949660893       0.12665652343360578        4.5332869278932021E-002  0.22495572243408193     
  -7.5420113818849249E-002  -5.5881373961540651E-002  0.15696965537375324       0.18289448934408215     
   1.4270198222371952E-002 -0.19012464509659019        7.7878232852658949E-002  0.20595154377343991     
   9.9311515025368620E-003  0.17513210740675197       -1.9050466060582409E-002  0.17644490095217219     
   9.2782589377148186E-002 -0.13055072365259615        5.1578409342147268E-003  0.16024576019616768     
 -0.16561823904210959      -0.14556550843116972        6.4258206973201601E-002  0.22966896941390474     
 -0.15637299863148377       0.10894236125623234       0.18050599047089175       0.26249450541480507     
  0.10225024022003480       -2.0582475281645213E-002 -0.18616094060173877       0.21338848544262756     
  -7.6491523975769304E-002   5.3618902717702005E-002  -6.2129879259148965E-002  0.11218761903856642     
 -0.12799561477928376        7.7881347576606308E-002  -3.3007078018491273E-002  0.15342049700869090     
   2.7706026303864198E-003  0.13851991526463714      -0.14576907000352016       0.20110709816798839     
 -0.15746979071491901      -0.21633715041185361       -2.6672155585591616E-002  0.26890500463863326     
  -4.8913580507215115E-002  0.19389051874984897        1.4185939823670026E-002  0.20046773433099435     
 -0.14451663301545783      -0.11431264764805545        2.5746777491584150E-002  0.18605196903455265     
  -3.2102410363203285E-002   3.3102599966309453E-002 -0.19000626531226111       0.19552168098083234     
  0.15530349390364581       -2.5165816467123060E-002 -0.12447451824992682       0.20061505235322707     
 -0.17382588043454641       0.17647613459354558       -8.5626450904891710E-002  0.26208996906499926     
 -0.11305716067602870       0.16028676858526292      -0.17509867205858465       0.26293214851042990     
 -0.20356401457452256       -2.1188398200981375E-002  -4.0222558224533841E-002  0.20857878712406447     
  -1.4419696388866102E-002 -0.22911743261613055        8.7727063820646670E-002  0.24576159850380613     
   8.8081746629070201E-002  -7.2934976952287581E-002  -9.8411312452723235E-002  0.15087309690904457     
  0.15987867038197465       0.10959881155188422       -4.2666743868397063E-002  0.19847805865894830     
 -0.11133376494694652       -5.1361817396176866E-002  0.10557630878391028       0.16180111396382821     
   5.5893872541093258E-002   6.6331989019795271E-002 -0.17907986943434676       0.19898155037989049     
   1.7361608334624506E-002  -5.6069548876982553E-002  0.13440962036231913       0.14666685310995117     
  -3.2809493831632772E-002 -0.13785669944968942        4.3129243706374519E-002  0.14812516373436957     
  -5.8530721029768770E-003  0.12509541693911669       -9.2354427188685098E-002  0.15560354113439781     
  0.14892699209100552       -3.6394837713774102E-002  -5.2253369736275812E-002  0.16196989792638111     
   3.6995893184862148E-002  -3.0166935293953583E-002  0.17779285745535209       0.18408976142011391     
  0.17962207857274137       -6.8981653160687675E-002  0.10289271595796178       0.21819594538116260     
 -0.18155386129086787       -3.3308838594199128E-002  -3.1623025932991065E-002  0.18727332711114181     
  -6.6302255203799523E-002  0.15188012209415958       0.13351362784750417       0.21281317946369868     
  0.17081857532283806       0.10950316001265731        4.2239219223941610E-002  0.20725365948211849     
   6.4547978777611927E-003 -0.11139705660641558       -8.6172013166210162E-002  0.14098434129126966     
  0.12324390697956118       -8.9714034884003868E-002  -5.0017534581738125E-002  0.16043510347922726     
  -5.0373252428322704E-003 -0.15912268821054426      -0.18393129312043041       0.24326143372492454     
   8.5502343224982694E-002 -0.15637964881770022        6.1200702197585763E-002  0.18844301847186479     
   3.7386689832454981E-002 -0.24216323304519433       -1.1682748185993607E-002  0.24531058399650560     
  -2.2537244770746687E-002   1.3870814698609679E-002 -0.22339665540862538       0.22495864631087162     
 -0.13652527304588080       -5.8159015090928592E-002  -9.1602091105041028E-002  0.17439198465358263     
  -4.4760278305569369E-002  0.13691191832852453        5.2027485210885238E-002  0.15315095530801459     
   2.0851253900135296E-002  -9.5252514847524089E-002 -0.12672144984318859       0.15989415944413188     
  -9.3849710225970676E-002  -2.3019381511122813E-002  0.22002599456977151       0.24031042075005904     
  -3.0216295564564760E-003  0.14250075775086274      -0.11019907894305264       0.18016501659490852     
  -2.0319485918503809E-002  0.10017292054062221      -0.15515827598351009       0.18579985501556553     
 -0.10338026369819983      -0.13074656743587845       0.15717863534467422       0.22910099787514701     
   7.4651440458494284E-002 -0.21168767675778521       -9.9282199370696225E-002  0.24544136808109460     
  -2.5806957128837727E-002  0.19492468818657016      -0.10719119738068647       0.22394549760329310     
 -0.16247644121764279        2.8220254972289065E-002   7.9199365123225798E-002  0.18294129161393055     
  0.12169319959757542       -6.2896376986578628E-002 -0.15289234662053613       0.20528336201813172     
 -0.12803819267697991        6.2878425760617890E-002 -0.14870008061277046       0.20605627674100441     
  -5.5085116483542640E-002  -9.8233428738750322E-002  0.12336459859478741       0.16704191320213505     
 -0.10094243013383292       -7.0126919355632783E-002  -6.5425845432459689E-002  0.13923972231438581     
  0.15520974646374280      -0.15090617965851411      -0.15031355935703739       0.26354678253215058     
 -0.10524837235148177       -8.1388977523588063E-002 -0.13785637233422240       0.19158748638186951     
  0.14786483922458432      -0.12401032052435820       -3.3440674911447227E-002  0.19585925817790520     
  -9.3135533051476177E-002  -5.6652899736029778E-002 -0.10246123087153433       0.14960642498567070     
   3.1185419754439572E-002   1.2948740423088219E-002  0.22879595963535881       0.23127427749161783     
   3.6851308066526462E-003  -5.9756082526155885E-002  0.20545528561216755       0.21400057003174602     
  -6.8645755292191052E-002  -3.2977635862973587E-002 -0.19537791903654864       0.20969572106697459     
  -7.8028972305628816E-002  0.16381894378061379       0.11313050060862377       0.21383095432707191     
  -4.3203110032966237E-002 -0.15288926961029828        9.0805013247827512E-002  0.18299504886588927     
   8.4865072606526828E-002  -7.9337565765993392E-002  0.11921609670832960       0.16646022829659399     
 -0.17398564581638176       -7.1630749736559252E-002   5.5262382929209871E-003  0.18823524794159879     
  -2.2086465933900137E-002 -0.12541705073640946       0.11093882807784777       0.16889248700920564     
  0.12104363741056566       0.18053235549867297        2.6454024376804032E-002  0.21895960573861167     
  0.12498547950531291        6.7056452835962010E-002  0.12622055592947928       0.18986723438566591     
 -0.13683248792169048       0.12079665333446730        9.0973090838459100E-002  0.20393887433333932     
  0.12341517339277082       0.11162282760965615       -3.3436366477433158E-002  0.16973199836906391     
  -9.8485221167392487E-002   3.0444757948372200E-002 -0.10277619764167763       0.14556499880330562     
  -8.9257871223896529E-002 -0.12269292344778859       0.13330622632574204       0.20196799503088744     
  0.19883388066844943        3.8473238638717044E-002  0.14363039182482387       0.24828369187036689     
 -0.13020502994749061       -2.0991103574400653E-002 -0.20529786308053596       0.24401063263376996     
 -0.17034855775086502      -0.13837016739618707        4.7788875943218087E-003  0.21951713400025927     
   7.8959613094113174E-002 -0.16556739319615776        7.6802732333146245E-002  0.19886136347611635     
   6.3501907237550989E-002 -0.15880377762465006        6.3139903652056420E-002  0.18231231292443414     
 -0.12817435308590175      -0.17136425522671211        6.3947945195656275E-002  0.22334661952476872     
  0.17155319872338215       -4.8903328301181562E-002  -4.5368826943174283E-002  0.18406619996446141     
   6.0552240271475370E-002   4.9236476179122572E-002   9.6073215962911837E-002  0.12377749073998910     
 -0.16362901454795017        1.4410536694093361E-002  -1.8878640870545537E-002  0.16534364532955034     
  0.11461765515983664        9.7536438266508887E-002   6.7345557075583179E-002  0.16488173859429175     
  0.19687666325279454       -5.0922610342963980E-003  -4.2058812684826474E-002  0.20138345359153267     
   8.4758721676922374E-002  0.16580272313262279       -8.0727244884661958E-002  0.20295682290863576     
   1.4571260466358406E-002 -0.19537506773532995        7.5210933867879221E-002  0.20985810276813646     
  -1.8890042376904486E-003  0.13016920413321162       0.12614579492439096       0.18127424422346994     
  0.14027338761845853      -0.11395289325463183      -0.10194163714852260       0.20749453616801786     
   1.6628609282102913E-002 -0.19379719363295195       -9.0755995249351282E-002  0.21464042857850657     
 -0.13411060703031077      -0.14361477820298493       -1.3511390707790213E-002  0.19696044555998943     
   8.9852076099522490E-002 -0.12904084660858947       -7.8962585745495140E-002  0.17595461238760002     
  -9.9451940583857937E-002  -4.6369761841099380E-002 -0.11239618249239924       0.15707878640338485     
  0.16428221018223715       -4.2802439229462905E-002  -9.2177217817557291E-002  0.19317694704839397     
 -0.13975212568939280        6.7359346404536516E-002  0.17231059242355526       0.23185960934174535     
 -0.15429966107130572        6.0619682291917273E-003  -9.4759549313258671E-003  0.15470916775482979     
  -3.5701242460336943E-002 -0.15671372554922974      -0.18307960881032209       0.24362248182561402     
   1.2369919016105766E-002 -0.18211966744009842       -8.1106224948278266E-002  0.19974685952554491     
  -1.1804111302775557E-002 -0.22829309606882495      -0.13616762686894798       0.26608024609778735     
  0.14774612014184368       -9.3548216160601452E-002 -0.14005295529567083       0.22404244028944581     
   4.2853129363591487E-002  0.12244251769838095       0.14196940040037856       0.19231191197274819     
 -0.10507382733938087        6.2867316915221523E-003  0.10384278467026183       0.14786262582269252     
   2.6222953970582788E-004  0.11141251438773248      -0.16975169517179209       0.20304791341017325     
  0.11364324262653605        3.0016509639656762E-002  0.19500372135477317       0.22768888595588360     
  -9.4382696194048252E-002  0.15623082215436293       0.10127591165191646       0.20874140320696558     
  0.19512586186823477      -0.10482813560586880        5.6392944975003495E-002  0.22856772350307389     
  0.13497445109338085       0.17829018427854859        1.1430578660387156E-003  0.22362199990010684     
   5.4769214131252658E-002 -0.16352275511928829        7.4467039080662017E-002  0.18784221614908236     
  0.11589848582573309      -0.11594039275268953       -5.0689678784015979E-002  0.17159276565045589     
   1.8833469758676252E-002   5.5707656010630380E-002 -0.18354151563079873       0.19273175784338301     
  -8.7551714302884734E-002  0.15638729806082527       -8.0227327128654338E-002  0.19636372804147786     
  0.14976151015207267        9.4473846004217849E-002   6.2856160092364277E-002  0.18789548787401725     
 -0.22291433328090188        1.5932832145824718E-002 -0.10994465605392073       0.24906320988269412     
  0.11048236019909116        7.3990316591622307E-002 -0.13391267663784176       0.18871545731285871     
   9.1690835018691019E-002  -4.7307150794154915E-002 -0.19496953361449426       0.22058625247403596     
  -2.3131330510794260E-002  0.14926835968336485        7.6117451753735924E-002  0.16914481403591508     
  0.10711543536495320      -0.10547574784648539        2.5341876035748938E-002  0.15245019041710017     
  -9.8213726395853018E-002 -0.12448379660498862      -0.14039166918381674       0.21178284266193495     
  -8.8177581070672986E-002  -2.6828972159966991E-002  0.21566297897348782       0.23453272703474551     
  0.16513231752032115        7.2115733163274479E-002   8.4498394935718868E-002  0.19902095368584055     
   1.1657625735148173E-002 -0.18751873930971286       -6.4828331400003325E-002  0.19875082485915246     
 -0.17470737367389244      -0.11662576669883475        7.0535201995516467E-002  0.22158395834235931     
 -0.13136081929465596       0.13515590951902712        3.0374270535248181E-002  0.19090673386297077     
  0.13758822698215753      -0.11287838397668648      -0.13354678248154803       0.22250121996172487     
 -0.12665117436878887       -9.4772354107063500E-002   5.9988979806231977E-003  0.15829815491334673     
   8.1746260101879121E-003  0.12093606395926748       0.10102843856743134       0.15779449127184297     
   9.7279152789616907E-002  -4.9499408520418266E-002 -0.14934391365593000       0.18497845700893595     
   6.0862090294351530E-002 -0.14018392493384133        8.4625718429357955E-002  0.17469184029181109     
  0.10279385051983628       -8.4754657356505100E-002 -0.13719468597700490       0.19123888074510897     
  0.13864679326002827      -0.12017261200493935      -0.18062033340021100       0.25746474476126263     
  0.13314276600374578      -0.15480014785746907        8.7090008587265011E-003  0.20436714171260453     
   6.6668845172375785E-002  0.15709614945558850       -3.3755006096258588E-002  0.17396360402954772     
  -9.7000378947238161E-002   9.9084676946351924E-002   2.7630781535825117E-003  0.13868843254703520     
  0.18909348897413522        3.3132934930006214E-002  -1.5683493861011123E-002  0.19261389080015959     
  0.11639670750519682      -0.15623259749657434       -3.8756960507976834E-002  0.19864269436954840     
   7.7185938524714892E-002  0.18408304155076488        4.1356575279864749E-002  0.20384945820727809     
  0.15190563244571764       -2.9747452421316462E-002   7.0377833907828938E-002  0.17003902963687456     
   3.4027137558793587E-002 -0.20021056673597523        5.4509570849947855E-002  0.21026985147051142     
  -3.2959591118990508E-002 -0.12922029175264405        2.3932495613013811E-002  0.13548794335156325     
 -0.16358095464293931      -0.18043017795346561        7.6119600458374140E-002  0.25516263717902971     
   3.4647959562936446E-003  -5.9743184631271581E-002 -0.21871755629982331       0.22675674709845203     
  -5.0175094790658056E-002  -8.1961763674546245E-002  0.14186126569247168       0.17134727761410082     
   7.8759188372304612E-002 -0.16008153824080690      -0.11568906582852137       0.21263364877385477     
  -6.1559966519271498E-003  0.14015014549401916       -3.2745963156236658E-002  0.14405643921672814     
  -7.1395610613900790E-002 -0.16604080846205527      -0.10819442074080785       0.21064879769204384     
  0.13790861799957277       -2.9133436684508414E-002 -0.12632186026364933       0.18927428888275158     
 -0.20228788271882081       -2.3157778270751835E-002  -4.3147279589944174E-002  0.20813062707183083     
 -0.12878604875175456       -7.3117113993491203E-002  0.16785316298299396       0.22384513181041490     
  -5.4454048402516025E-002  -8.3530395645583996E-002 -0.22474801989993706       0.24587444526236121     
   5.1334855951532130E-002 -0.15513402166784751       -9.7619546029206142E-004  0.16340986834332077     
  0.21404837565768117        3.6261106834975083E-002  -5.3419231108343436E-002  0.22357367743720610     
   9.5059185014063671E-002  -2.5135028488999980E-002  0.15005275157074274       0.17939856902058018     
  -9.0215507752035129E-002  -9.9347476059532484E-003  0.10815216104311573       0.14118933028826061     
  -3.4783888801392597E-002  0.15309514378412137       0.10023969437681612       0.18626872603629935     
  0.10914120306250123        3.3480458585151418E-002 -0.24365138737924880       0.26907014305722388     
   4.5984544291642997E-002  -7.3175601111389696E-002 -0.13201759567492830       0.15779066030507680     
  0.15124650442196436       -9.0359901386842051E-002   7.4229337247650323E-002  0.19118161885162629     
  0.13620434639116163       0.14764940478609909        1.3106112832023191E-002  0.20130509408134362     
  -8.7218883830154345E-002  0.11650363350221746       -3.4328306383345178E-002  0.14952813425889383     
   3.4527693082846041E-002   3.3995156008991244E-002 -0.20102788524036491       0.20678501605752819     
  0.18220251806645099        8.4752167719241808E-002  -6.6707885589337448E-002  0.21173244796834054     
  0.10071963463878111        3.8759505106746361E-002  0.18556359385839163       0.21466390335482949     
   7.6556301348593495E-003  -8.7945168496605475E-004  0.23566942528164198       0.23579537764894246     
   4.2544968314902516E-003  0.23817187360864886      -0.10852371366856896       0.26176580859608251     
   2.9002097491700834E-002   6.0169036674888682E-002 -0.16434346719590895       0.17739844938238614     
  -1.2317060635752651E-002  0.17349019468911081        6.7676323726896886E-002  0.18662969332118112     
  -1.8961113252492699E-002   1.2719859606590543E-002  0.14939194342757131       0.15112667337453006     
  0.12060057712926724       0.13187387265500303       -1.6957665945699342E-002  0.17950704701282963     
   7.7219747748761336E-002   7.2906362594015381E-002  0.17825209370961248       0.20748984568150039     
 -0.11058486345344293      -0.18734879773554855       -4.0289344372419170E-002  0.22125057131662165     
  0.11886146163053873       0.13594267696478057       -1.8101788939438330E-003  0.18058719563946607     
   4.5314224461397525E-002  0.11582852067106006        5.1375745510761281E-002  0.13457002774084062     
   5.5775881834549965E-003 -0.12911018554073411       0.14255473425291909       0.19241206240313363     
  0.10716083917438388        5.2678611816471092E-002 -0.15228016519767748       0.19351416048470602     
  -8.2883681714274487E-002  0.17190693870177606        3.3685670142424094E-002  0.19379480034632909     
  0.11702046875825922       -5.7514318327257952E-002  0.20393940975679431       0.24205984750264042     
  0.14579044339231897       0.11868789946944371        1.4614124793661637E-002  0.18856098087484180     
 -0.21011640255605490       -5.8132926673832144E-002   1.4048292532046066E-002  0.21846211184054137     
 -0.12712151632117752        4.4319068477172902E-002 -0.23299890797360812       0.26909580238155639     
  -1.5458444528726465E-002  -8.5958208327982344E-002  0.18600094630799499       0.20548510679286264     
 -0.12105840914175832       -8.2124867069532301E-002   5.0646122345444133E-002  0.15480523868316406     
 -0.18281512098470304        1.2170404637080292E-002   6.6151469884454875E-002  0.19479605791071802     
  0.11639390717154902      -0.19379541537531228        8.0074476472335551E-002  0.23982519973820018     
  -4.2361841608040587E-002  -2.5753796696040707E-002  0.21344964132969774       0.21913131463225954     
   9.8954068240750287E-002   3.9868863802099683E-002   9.4506823354164632E-002  0.14252358956594069     
  0.18248238934020475       0.17221035076330238       -3.3664175523658912E-002  0.25315904890605317     
  0.14526315125960948      -0.13045334945179260       0.17090022352242018       0.25947320843793659     
 -0.15498824025980915        5.0796956321568290E-002  -4.2946096170075852E-002  0.16865957597070214     
   2.2834356062126891E-002   6.1178103216668625E-002  0.22783636950097105       0.23700966097892373     
   5.6380856516120653E-002   6.0758052075893514E-002  0.16578929096964840       0.18535487820331872     
   4.8319182006483836E-002 -0.13009098493947932      -0.10115155019769975       0.17172665436587684     
  -9.1576689272140049E-002   8.0580372056273053E-002  -5.0428922197248538E-002  0.13199455508750968     
 -0.14136549528628986       -7.1645235999245854E-002  -6.2951536056728444E-002  0.17052899750724879     
   2.8237563534727245E-002  0.15204758268782659        9.3017401556336546E-002  0.18046624168492562     
  0.15031886672526787       -3.1030727180206767E-002   3.8829698705996493E-002  0.15832376077045332     
  -5.6353532991523847E-002   7.8313323226281692E-002   9.3146128660367603E-002  0.13410778709599452     
  -8.4072159663528032E-002   8.6484227807599220E-002  0.13934226032342548       0.18429301452308966     
   4.1565997203950572E-002  0.18893442474721009      -0.16242864076379679       0.25260049944228646     
   4.7090749605733770E-002 -0.22606845442366047       -3.8397182476958357E-002  0.23409149580046990     
 -0.11114416732019602      -0.11411633657431690        7.6599874378203911E-002  0.17675719209468996     
   5.2387311024174973E-002   9.8323907382544401E-002 -0.19224985983079898       0.22219817668981143     
 -0.13869416602404078      -0.15288306984067668       -7.7525809809408291E-002  0.22049842611596565     
  -1.5501948624460745E-002   3.1221005517337169E-003 -0.17789285802503932       0.17859430802611642     
   2.7005904315754947E-002 -0.18101332311696589      -0.11222741865229195       0.21468613255428404     
  -1.2280945525479075E-002 -0.14877917776471200       -6.7441036032702309E-002  0.16381196140852416     
 -0.11642689558748535       0.12540586339737952       -5.1960772003895248E-002  0.17883448889356388     
   3.2041217343026673E-002  0.14802964218675729       -5.5932308115253765E-002  0.16145537360478948     
 -0.16112888358045668       -1.6854073507244358E-002   4.1590580626867144E-002  0.16726133239500365     
   1.6798189676464962E-002 -0.17633728813293970       -5.5795954121280203E-002  0.18571539208905086     
  -5.2486863754385944E-002 -0.10022885217366638       0.21412109486414901       0.24217460011455380     
  0.14687480565807329        3.0254855601893321E-003   7.2546625797128048E-002  0.16384253115269012     
   5.1490914355570586E-002  0.16566914285191567        2.1728489623181843E-002  0.17484194695714717     
 -0.11101168291973855      -0.14811949408408279        7.6575712170204466E-002  0.20031679402079897     
  -4.6544390490989010E-003 -0.11089657770741071      -0.11466352441890552       0.15958520790550262     
   3.2551420503775151E-002 -0.14315284727926594        1.3018139200410801E-002  0.14738318971041339     
  -6.1065456332065317E-002  0.10547893388137730        1.8335161647535403E-002  0.12325166774707998     
 -0.12390147397026564       0.15439357128686326       -2.3854339003709833E-002  0.19939403099395944     
  -4.7657405308968281E-002   7.5187412512438441E-003  0.16926564743634176       0.17600744061780565     
  -3.6952290541446510E-003  0.14000896481710209      -0.15813419511829388       0.21124059414002264     
 -0.11754697550281422        5.6019294104604038E-002  0.10055854407261272       0.16452195460740468     
 -0.21190821107466970        6.0819729538727968E-002 -0.11457976947371613       0.24846056627698634     
 -0.10917259828243844       0.13058562530661763       -1.7225516483885636E-002  0.17107887119862475     
 -0.12767302441536432       -4.1697290700151352E-002  -5.3345274705393769E-002  0.14451568616760282     
   2.2106022685512060E-002 -0.15198012158718963       -1.8565625657237170E-002  0.15469749853399045     
   4.6474464076166948E-002 -0.14103929160445461      -0.13631122057314335       0.20157556012967803     
  -5.4857021475991190E-002  0.13658193733251972       -5.1063723900110311E-002  0.15579288272982306     
 -0.11746089852391420       0.16921323037682784       -6.9385365193485496E-002  0.21735802014105673     
  -6.9432227619726644E-003  -2.6617359483683798E-002  0.13607293029099862       0.13882555429813706     
  0.18560261246001358       -2.0546760702021185E-002   5.3584391445716542E-002  0.19427245335851373     
 -0.18029611557002181       0.11889097180201845      -0.11731382895918592       0.24577283603102307     
  0.17230482204226311       -5.7856359640097471E-002 -0.10871223006459861       0.21178918531275026     
  -8.8771341484601543E-002 -0.18695828143141197       -4.7318204455294235E-002  0.21230346803016620     
  -5.2629384897053870E-002 -0.23512819190178236       -6.5996969736036984E-002  0.24982137377731115     
 -0.13240645747206209        2.5694992976685285E-002 -0.11427341312876910       0.17677702224121561     
 -0.11974294582959737      -0.10789532463105941        7.4593387695899266E-002  0.17760615879282543     
  -3.2308941646060463E-002  0.20196288332386544        2.7739899581210550E-002  0.20640343015452400     
   9.5745259485534140E-002   7.7483617058827739E-002   9.3877276742884222E-002  0.15486706788446469     
  0.10149834639730138       -2.9930038622279800E-002  0.11818602372630099       0.15863687382683611     
   7.0889241464742944E-002   8.1079316777012356E-002   6.2776702241081811E-002  0.12465975496823020     
   1.7084219687558098E-002  -5.5907986823922340E-002  0.22669303376476765       0.23410960063720307     
  -7.9163675957952373E-002  0.12541514079790056       0.12328872489556575       0.19286252829128681     
   8.8077981611012948E-002   5.2168841564459396E-002  0.13225807210714199       0.16724687295236815     
  0.10787886298869177      -0.18723887928623675      -0.13261042494708156       0.25353850161414226     
 -0.18593106841478899        5.4032011103294045E-002  -4.9072665879724815E-002  0.19974470446616235     
   3.0401741377061298E-002  0.10691377824080887       0.10586231086266142       0.15349804792786564     
  0.14497392393974706      -0.12480479789345594       -7.8808872148135450E-002  0.20689251926779545     
  -4.0667080949832700E-002  -3.5629364584844385E-002  -7.5877086656664636E-002   9.3169712746165548E-002
 -0.18791705517047069      -0.13047460512358361        3.2378318192982800E-002  0.23105150442077377     
   4.7180967994927943E-002   6.7657610676372174E-003 -0.14589062405334058       0.15347929323018114     
  0.16679638023985224       -8.3702687703771164E-002  -2.3877948670738398E-002  0.18814177851470107     
  0.17057767208183905        1.8782653403739491E-003   2.3224490968216487E-003  0.17060382136211250     
 -0.10136972398686145      -0.16812162525854804       -9.2979269292255376E-002  0.21722303362873349     
  -4.0352165866224962E-002 -0.14200708307586235       0.13712589038068793       0.20148900403373540     
   5.9312446053018518E-002  -6.5192199868340919E-002   6.7945700724386340E-002  0.11128615110333279     
 -0.18093438388400790      -0.10541706136615586        9.6279480350611374E-002  0.23047721456826306     
  -9.9455553971992280E-002  -4.9302465457584529E-002 -0.16418687931409121       0.19819049335165431     
  -7.6776915933618461E-002 -0.14541660145600982       -3.9273359700453689E-002  0.16906531158536081     
   2.4190803142769751E-002  -8.4847352954972546E-002  0.14010168982859825       0.16556796717054503     
 -0.15009045316802355        2.7213512731703773E-005   9.9892716872756332E-002  0.18029337136172979     
   1.6243099872524872E-003  -7.7399648165409340E-002 -0.16322592673520125       0.18065449642239501     
  -5.8005115341022179E-002  0.12019938597865917       0.11513110736968359       0.17626019879581886     
  -6.0740631807341419E-002  0.13177575726341678       -1.4074518611474295E-003  0.14510773747613670     
 -0.11625711208182984      -0.10370107783532026       0.10997682709245127       0.19069486660929608     
   3.9996859006427181E-002  0.18085560840357567       -4.0714870024968167E-002  0.18964756909213884     
 -0.11635346765477182      -0.14829028643946124        6.9782447222052606E-003  0.18861822389946969     
   9.7568463191958540E-002   6.0184354514478622E-002  0.12275883065443809       0.16796276980810365     
  -5.4832026756197619E-003   2.3657350079019191E-002  0.18757292011468535       0.18913840457372300     
  -6.3297347916115479E-002  0.20907112540395303       -2.1625185230225170E-002  0.21951067939198485     
 -0.12795484806377710       0.14517727915233997        5.4944121828622169E-002  0.20116595648523436     
  -5.5099163159245748E-002   2.8333227050219522E-002  0.17585821245126190       0.18645321242199514     
  0.13253979273049843       -1.4351690582646693E-002  -7.7554423509271414E-002  0.15423182643500966     
   6.7317981975737018E-002   6.6749369528878999E-002 -0.14867075271327876       0.17632408157175064     
 -0.14141535464437843       0.16031207633645489       -4.8473792681613538E-002  0.21919847838304149     
   5.5361512961564482E-002 -0.19272402298904748       0.13237376500992651       0.24027122136739476     
   2.5855110486888329E-002 -0.18950964655251679       -6.0944144206527308E-002  0.20074008465629140     
  -7.8646758856956170E-002  0.16829333131439614      -0.17031381640395848       0.25202133660006371     
  -1.6400705101916803E-002  0.10333928323508802      -0.17082124597287543       0.20031946651063992     
   6.4831269063594793E-002  0.16525719747766102        2.6871374197666321E-002  0.17954137550391522     
  -3.6614980711370447E-002  0.14779059440761891       0.11294401194792854       0.18957601758330397     
  -7.9937422168093242E-002  -9.8397096689505387E-002  0.14503356640087769       0.19263103457844385     
  0.13128057151808456       -3.4368809165194872E-002   4.9552129566643136E-002  0.14446874072316782     
  -5.5996269850672818E-002 -0.10950956674770991       0.15290503671893096       0.19623424191633357     
  -2.1898660854078978E-002 -0.10976812596059224       0.15335178956974274       0.18985616710643105     
  -8.4089461893106440E-002 -0.16893018985458202       -3.5660603967086466E-002  0.19204198843241213     
   4.7559573067825198E-002  -4.0144297040730234E-002  0.14923005910485654       0.16168824359157088     
  -8.1861117246009446E-002   4.1419654421987084E-002  0.15441745630524864       0.17961509151790422     
   2.7854050779748910E-002  0.14211097107415743       0.11658449749150550       0.18591213327759890     
  -1.7634133214714454E-002 -0.14083183359411405       0.14459332251419774       0.20261243032797699     
 -0.10920368035946186      -0.17059947536912529        1.4038610476917211E-002  0.20304360956305645     
  -5.3753906483408739E-003  -9.4403796360077202E-002  0.16192635756133905       0.18751297785726678     
   3.7498939747399734E-002   9.2409586617996503E-003  0.13086601139145959       0.13644588208032457     
 -0.14216487103502262       -2.6806912738839710E-002  -3.9013031156375144E-003  0.14472277392654020     
 -0.17439553237163469       0.10180795856553651       -6.2033283368315255E-002  0.21125053936954002     
 -0.12093820742945179       0.18669854736062028       -4.9830877973315674E-002  0.22795945692689820     
 -0.10579876403907358       0.11310089056769819      -0.17679540235615102       0.23503575092669485     
   8.4649312299540716E-002  -8.0143864645767175E-003  0.14066165869830283       0.16436373897836043     
  -3.6440128282068697E-002 -0.23116036531492309        9.8926633073564252E-002  0.25406588943227687     
  0.12466018162240738       -4.2179104818560777E-002  0.15936611865905359       0.20668042370258069     
   5.2340189660315034E-002  -5.4876754435994449E-002 -0.20379776080276552       0.21744995042383297     
  0.16869626300561952        6.9212368994373608E-002  0.14905962311724416       0.23551550356129286     
  0.16547884287674791        3.7052781268629278E-002  -6.1020833000856485E-002  0.18022124763658343     
  0.18843979805142089       -2.4083417174001778E-002  -5.7991114218938376E-003  0.19006103800021937     
  -6.7793686361880268E-003  0.16224894849454269        2.7917408010438485E-002  0.16477276108844990     
  0.21321776067556569       -4.5605751271714755E-003   8.3665851047257364E-002  0.22909078319403259     
  -1.7257518929012450E-002   6.4339241980731599E-002 -0.21625868935066267       0.22628561761169616     
   6.4579591279049484E-002   7.8011151960112143E-002 -0.16448899706232553       0.19316545652492459     
   2.9385966256954561E-002  -8.1990995994184385E-002  0.19657921335218498       0.21501033826106383     
  -2.0966306208843155E-002 -0.25216113187561057       -7.6969190446454436E-002  0.26447888139285264     
   6.8147648135227890E-002  -9.2923291036169822E-002  -8.2095379610401198E-002  0.14148671781029987     
  0.14653861076318217       0.10412176171234179        9.6854686524219715E-004  0.17976608075361511     
  0.12422275765582384        2.5020741083621550E-002  0.17764545512372301       0.21820916280052460     
   8.9574529672079892E-002  0.18650003630071593        4.2214115519149855E-004  0.20689620129257469     
 -0.12595190209360091      -0.21075582902955267       -6.3388480855541177E-002  0.25357444787695660     
  -3.6532312884565259E-002  0.20950019260992089        6.3988679303317392E-002  0.22207992180130226     
  -2.2316760815542288E-003  0.15973239450810447       -9.4747175672736481E-002  0.18573218765573749     
  -4.0795766495300326E-002  -1.6509364900854567E-002  0.20506042564930568       0.20972990216190696     
  0.11888559577930677       -2.0578601692806120E-003  0.14822453334192548       0.19002245119119113     
 -0.12978238767233766       0.13970867536446799       -9.5345277349606253E-002  0.21319639780001112     
  0.14652816492813456       -9.2635282676998887E-002   6.4254303374644559E-003  0.17347358550763772     
  -1.7855530384800918E-002  0.10376493520835779       -7.6509512311909625E-002  0.13015255363735084     
  0.18203756007151078       0.17905238486211061        2.3411995315988438E-002  0.25640895328805147     
  0.14348301079675188      -0.10530914492065932       -7.8080859869012031E-002  0.19435537314184431     
  0.15735108538782341        7.2706198603231201E-002  -8.5856091688537514E-002  0.19343428824303399     
  -1.4122984094550890E-002  0.13812190234267674       -5.0032265168968946E-003  0.13893218080082903     
   1.1126035952977877E-002  0.20285550112058570       0.12636315150194807       0.23925256334763728     
 -0.10505201449570732       -6.6782873956668473E-002 -0.12117576383203146       0.17372231792085560     
   5.5922236275768693E-002 -0.17435514076427452       -4.5563708734182508E-002  0.18868773986305074     
 -0.18809547389620221       -4.7591205987709828E-002  -7.0380667864040444E-002  0.20639348002441815     
   5.7294872252546113E-002 -0.15148362007984903       -5.0796823317458759E-002  0.16973599146343932     
 -0.15352256800623343       -3.3382931128369847E-002   5.1943263930348579E-002  0.16547417214081447     
  -1.7347952726796241E-002 -0.13292108608103378       -1.7905223552007461E-003  0.13406033178788282     
   6.7814072419868227E-002  0.12291109145947711      -0.17847356990718222       0.22706540902863417     
   8.4603765857973995E-002 -0.15201586387609808       0.19678898423939056       0.26266428075647891     
  -8.0801575839994810E-002 -0.15592650574052150        8.8141385938552003E-002  0.19649649810071448     
 -0.15123795105920187       -8.5675639972269818E-002   3.4576769152254695E-002  0.17722524112059168     
   1.3835140106893701E-002  -8.7208969821069585E-002  0.18708857654646940       0.20687907335739336     
  0.11422125087555948       -1.0849325392575278E-003 -0.16833090741150117       0.20342803548225996     
   6.1212335727012242E-002   8.5697631326449544E-002  -7.3794574451846590E-002  0.12859499709805841     
  0.12101702067253858        2.4359713601659526E-002  0.12183530713713148       0.17344266200797215     
  0.17484322981764994       -5.8673100882783734E-002  0.10376669271030346       0.21161336039178485     
 -0.10611627002324130       -8.2462687154370579E-002  0.18935379642186101       0.23219736810682554     
   2.4624434341836626E-002  0.13311981665544509       -1.8713990198051277E-002  0.13666551058027587     
   4.7782906290192592E-002 -0.20387125274594645       -6.9956739019562258E-002  0.22077282252122893     
  -5.1350378429877420E-002   9.9713691309527036E-002  -9.2418576469622440E-002  0.14533022698714373     
  0.17535059190652688        9.6479785606809379E-002   2.4546349511314278E-002  0.20164003170758735     
 -0.15014068304669947        4.8027513338199407E-002  -5.0420458862772632E-002  0.16550253597789050     
  -3.7187622667719536E-002  0.12797700725245606       -2.2579659781447138E-002  0.13516979951460231     
 -0.18832088446774675       -8.5063504298571874E-002  -7.9669261904649277E-003  0.20679464984179810     
  0.20732036511329371       -8.9201989776143673E-002  -1.2139187049818837E-002  0.22602231888236865     
  0.16436769354509423       0.17246866999456700       -4.1760345781845828E-002  0.24188035738945027     
  0.10141288946808688       0.11446281868832918        4.3443999735614795E-002  0.15897701760119864     
  0.17625448733462995        1.2604577888918804E-002  -7.8059472713682437E-002  0.19317815862485382     
  -1.1082233526323211E-005  0.19866246757429878       -7.8250271590175668E-002  0.21351787079647799     
  -5.2539310079990222E-002 -0.14745575242387596        4.0682903359952824E-002  0.16173644194295861     
  -6.7978212031032464E-002  0.14760675763604933       -8.9826054393698465E-002  0.18568121137773497     
   1.6679235552079938E-002  -5.4789898446854307E-002  0.15755850664696106       0.16764490116683789     
   5.6805039591544121E-003   6.1310818129429047E-002 -0.14108637822633166       0.15393716466777413     
  0.11269840927245833        6.2027515172098431E-002  -5.1374407633926138E-002  0.13851957930453093     
   2.8602972507820304E-002  -6.8107171454050389E-002 -0.17350895608777323       0.18857909396967457     
 -0.12849846964813441      -0.11579544026482137       -3.4089172738492553E-002  0.17630233233293063     
  0.15918379021281412       -1.2018691882047983E-002 -0.16088752929235869       0.22664669665113674     
 -0.11904822140031224       0.17318560582550974        8.6824731900400614E-003  0.21033572788383423     
   3.6493672178718989E-002 -0.14889342647441325        9.3681547244096539E-002  0.17965876780838505     
  -8.1612995112581688E-002  -9.4739310486561312E-002  0.21044960447977609       0.24479635199162905     
 -0.14487784930427364        3.9943544479325709E-002  -2.8219334345438205E-002  0.15290980608026197     
   9.1999068778329585E-002  -2.9568916960859063E-002 -0.12427480584377278       0.15742419405487015     
  -6.6121034016920238E-002 -0.11659795686579397       0.13815318115795508       0.19249253530671528     
  0.10832837766502541       0.14700569127103785        3.3526381122507597E-004  0.18260838719904185     
   4.1128575306870946E-002  0.13599829084729700        4.8651424347468100E-003  0.14216456812817080     
  0.14127964005951141        2.5359699449504151E-003   6.9195894491170903E-002  0.15733543673737346     
  0.12732590704568986       -1.2218739108088329E-003 -0.11475812938190420       0.17141414130723120     
  -5.9422382712498299E-002  0.19041035562231617        9.7889384528027132E-002  0.22219238217977566     
   2.2380921764758973E-002 -0.20555595477705393        8.3224676753974297E-002  0.22289123586213527     
 -0.10080607213144502       -8.6371346769379492E-002  -7.2647403480173678E-002  0.15132587007427925     
 -0.14598823413470591        5.1701047276459071E-003   6.5488554740127242E-002  0.16008761754306663     
  -7.0009306336188862E-002 -0.16146494409501685       0.11384418093375230       0.20960135657423162     
   2.2100603226819001E-002 -0.12179469353736126       -5.3578150867114191E-002  0.13488143788968252     
  0.11532996164884203       0.13754090029768548       -2.1975589295299830E-002  0.18083535559590366     
  0.10212485314907457       0.11625582593700783        6.7798053198018363E-002  0.16894223483918175     
  -9.5544190245534205E-002  -3.0446997983443649E-002  0.16627679092113681       0.19417436281576952     
   9.2192194465552629E-002   6.0584290209467401E-002 -0.18149618139695756       0.21239284545915516     
  -6.0569441351450579E-002   6.3832929202889452E-002 -0.21456943438175291       0.23191235897888943     
   3.3999790872040060E-002   3.3843877606708084E-003 -0.13131285209308693       0.13568531602453510     
 -0.15736954383359147        5.0192592580600430E-002   9.4321940290151111E-003  0.16544919449956777     
  0.13942520766469194       0.11109428238668617        4.1258600052435208E-002  0.18298524582501741     
 -0.12298061642123169       0.12252436099525187       -2.2531516821526012E-002  0.17505462091278717     
  -7.5415538611180097E-002 -0.18804033876984169       -4.0820130296083640E-002  0.20667112886438802     
   8.8242504413493045E-002 -0.13633170567348929       0.15203184053454913       0.22245618465965566     
  -9.8190826617621463E-002  -5.2672218991521108E-002 -0.12640457352837664       0.16850494738800204     
  0.13990113845479471      -0.14218685542799028        1.3163526880225936E-002  0.19990675035469482     
   9.0412040222508233E-002  0.12554498919522894       -3.1413627460331946E-002  0.15786924120753579     
 -0.11771839872581698        1.3817173152504076E-002  0.14054504182088529       0.18385169146062025     
   7.3034830975847953E-002  -8.5136514847261299E-002  0.11482527921501025       0.16052151707111945     
  -7.0990061425242862E-002   2.5478508130509753E-002 -0.16476686491519787       0.18120944503998479     
  -4.9185698025244660E-002  -1.4584015358032987E-002  0.13706948306698893       0.14635562709525543     
 -0.16532449154212672      -0.12907375794614626       -2.3778342801965627E-004  0.20974336469829441     
  0.12159915697828294        1.9457059177963296E-002 -0.12068371199726248       0.17242241870221534     
  -2.0205406684333981E-002 -0.16210806391223556       -7.5991855549905701E-002  0.18017226466515460     
  -9.5870189778785253E-002 -0.10608029789371480       0.17492755858146328       0.22592869149515038     
  -7.8546109419785765E-002  0.17833565285400993       -3.6414488256878166E-002  0.19824003465208842     
 -0.24637698945459133        2.5559634052232938E-004  -2.6015098392398524E-002  0.24774678929617489     
   2.4042769389609406E-003  0.17347067612575370       -4.5121605196370582E-002  0.17925907307197170     
  -9.7939371133154110E-002  -6.9341477019387449E-002   9.8694862313249559E-002  0.15537386105847800     
 -0.10944816940480252        9.3707760026823142E-002  0.18046329567256214       0.23092649731096171     
  0.14764484234447992       -9.7729122781621061E-002  -3.1436232679828056E-002  0.17982830043041551     
 -0.17191347615516295       0.18322927138308689       -9.4666020646781132E-002  0.26849369571821508     
  0.22234720827557511       -4.5891912548899544E-002 -0.11119093195347214       0.25279986553402178     
  -2.5082328668482826E-002  0.20084155471374204        9.8544516577064450E-002  0.22511658103896781     
  0.14689668081423771      -0.11687771100787582       -1.2823834112697509E-002  0.18815813797449887     
 -0.15727091646180086       -6.5902596777616451E-002   9.0459982663222971E-003  0.17076042724062901     
 -0.13343842600096570        6.5816507279444200E-002   8.5240483856960064E-002  0.17147468108221983     
  -7.2236465729213592E-002  -4.0905500824091078E-002 -0.17145531978718961       0.19049486518550840     
  0.18224006602865753      -0.10936224194488506       -9.6523910814258432E-003  0.21275504760858160     
   7.8442431806336116E-002  -4.1426143060664812E-002 -0.19387170112224694       0.21320313537236785     
  -4.1271304110102941E-003 -0.13087296539057414       0.13427117608490005       0.18754603435629913     
  0.10910497974855331       0.12912910123868010        6.3032142981065853E-002  0.18041971189819325     
 -0.15157514616271128        3.4759358842918600E-002   1.2196340931680538E-004  0.15550965512305429     
   3.5971140020794067E-002 -0.25729980091354626      -0.11462160465439394       0.28396341792226393     
 -0.14156870769106655       0.11892316626027834      -0.14829739407718559       0.23701589727436542     
   5.3242108681259288E-002  -8.2869933991649145E-002 -0.25788137239799136       0.27605244126158135     
  -7.7782675318351091E-002  -8.0877027316006121E-003 -0.14819142887360462       0.16755970609533599     
 -0.13577056156584666      -0.13746316778098647       0.15488631113467416       0.24762782004693271     
   7.8625194860696371E-002 -0.20965646443461775       -3.2275563130398005E-002  0.22622879198168150     
   7.7093774959858308E-002 -0.18727231634204972        7.9177266473177244E-002  0.21744748821690843     
  0.14242627684385650        8.3553135472321433E-002  0.15245487901174559       0.22474176496002016     
   1.1711405183058320E-002   7.8054283219324019E-002  0.21794443714538148       0.23179604358759306     
  0.18639981609613454        8.0666070662286718E-003  -9.0022583435740419E-002  0.20715701078814241     
   7.0784974889787813E-002   4.1094849019607062E-002  0.19033224587650924       0.20718509383275660     
   9.9714973115997974E-002  -6.2423308463892858E-002   8.5252205488437399E-002  0.14528483693677491     
   4.3639997629166628E-002 -0.22190929644770427        2.2698091971942565E-002  0.22729581743216379     
  -5.5223350989260039E-002   4.6899443142653603E-002 -0.10385790572804662       0.12663191084315922     
  0.18178854641412512        5.6918844545614716E-002 -0.20487822186362994       0.27975331323466246     
 -0.19506437226761750        8.9236160010885732E-002   8.2029813637405413E-002  0.22965646497983794     
  -7.0033930329432698E-002   3.9797730036834983E-002  0.23886451278721205       0.25208107065494789     
  0.14983060145816612       0.12742049458540744       -2.7119384758325121E-002  0.19854634875357374     
  -1.9842178831713828E-002  -2.1628910773880142E-002  0.10129266704764733       0.10545959529449997     
  0.23044902298066727        1.0796480074725697E-002   1.3513044532611001E-002  0.23109720584050425     
   4.4018036811841375E-002  0.15801573450960640        4.5187884611350225E-002  0.17014260146426508     
   4.0457292927460982E-002  0.18651401211826149        5.7278850455567659E-002  0.19926147639968109     
   3.8979040088437236E-002  0.19850063399553905        2.5489305322999631E-002  0.20389107863929715     
   2.1194564797910848E-002 -0.15687734209218154       -1.8149764096206101E-002  0.15933964972858491     
 -0.11483626382360741       0.10287577961040720       0.15571287883357318       0.21912848777384761     
   3.3338815495245755E-002  0.15396668699521426        8.6880436942632103E-002  0.17990394005204832     
 -0.17151642069124717        8.2481049151947636E-002   8.9945311755596044E-002  0.21050217372453486     
   6.7425180373854032E-002   4.9704783569381829E-002  0.15913669180928638       0.17983661234056217     
  -8.1425456114640971E-002  -2.6723962963804058E-002 -0.18305748797355709       0.20212451361266673     
  -2.0748033161561794E-002  0.13890282261542533       -6.5828896811153087E-002  0.15510615289529628     
  0.10566341634886610      -0.17128541550744539       0.14819939279652983       0.24993301331623274     
  0.16309214442240705       -1.1902494282618867E-002   4.4998947910879904E-002  0.16960431084006425     
  -2.6067035130541399E-002  0.19502575633100358       -1.7416836837657625E-002  0.19752944630714289     
  0.15448477987557266       0.11026234942521498        2.3021817826248490E-002  0.19118927012256029     
   7.5757712032880759E-002  -9.2210190932988503E-002  0.16411971879196421       0.20292173944826242     
  -7.8378654108374607E-002  0.15700213547238445       -2.1949266666202047E-002  0.17684641435413170     
 -0.11662101941831314       -3.8293297287591344E-002  0.11878966156610038       0.17081517052741857     
  -9.3707642130305219E-002   9.5038691879265211E-002  0.19042782879863843       0.23254297049944728     
  -6.6414227325862732E-002 -0.13845250681565602      -0.15028590445416490       0.21486227987349718     
 -0.15001472305175859       -9.1641573951663724E-002  -6.9907430847602675E-002  0.18918151097912933     
  -5.5143641789471377E-002   8.6289883641749304E-003 -0.19770438523792427       0.20543199510373297     
   2.2077684841220205E-002 -0.14688113157929156       -3.6383270051871475E-002  0.15292231139251333     
  -4.9195937181545524E-002  -5.8457855048461807E-002 -0.23126367606180498       0.24355789643872566     
  0.14960481837190973      -0.17161022659606667       -2.0914706636715810E-002  0.22862435676485857     
 -0.17296388342332461      -0.11995464982340009       -5.7350060797653056E-002  0.21816198673606377     
  0.18981464049568128       -4.8398462087477341E-002  -8.6892969343122267E-002  0.21429511660372128     
  -5.3748821904453264E-002 -0.10203967956679029      -0.14878230659305952       0.18824772725682784     
 -0.19960629946511643       -6.0501751136180053E-002  -5.6244387152742541E-002  0.21602446102904549     
  -3.1769970903587894E-002 -0.14909928546775511       0.10713011711978096       0.18632442129873353     
  0.14051610660717764       0.11830534516638372      -0.11346616680722274       0.21590623409457496     
   8.0450671009542674E-002  -4.9833218123495560E-002  0.14891842549067083       0.17644363843746261     
  0.20991880096363644       -6.8345315146171884E-002   2.5270567092830747E-002  0.22220618052078034     
