   2.4604890983553472E-002 -0.21277904262824787        4.2220524276614206E-003  0.21423852914172137     
  -8.2930129706943800E-002  -3.8738751936843334E-002   6.0216667421811587E-002  0.10956342615226977     
   6.6357512619124842E-002 -0.18675746657556158        5.3389285508193662E-002  0.20526102067804966     
  -8.4931981373941298E-002  -7.0298636222247635E-002 -0.12252108963451694       0.16482341192937597     
  0.13911065104918713        1.7331469696606878E-002  0.17858963751092408       0.22703834853049909     
   7.9938509784287945E-002 -0.16593709994740324       -6.9304519623228367E-002  0.19679533258106918     
 -0.13983275046877414        8.3651105898361906E-003   8.3600758056768837E-002  0.16313264518945630     
   9.2993021807784668E-002 -0.10805643956112024        3.3781795873541423E-002  0.14650974700684855     
  -5.2947429534527992E-003  -1.3651679213877076E-002  0.23589558564523158       0.23634959271216976     
  -5.8453308251198668E-002  -4.6069752558935459E-002  0.20165512076296463       0.21495115509407489     
 -0.20974252536159210       -4.6226084757364734E-002  -6.9820108193812555E-002  0.22583982236365857     
  -1.3483991722343651E-002 -0.14421393201749086       -8.8783111236901260E-002  0.16988795443355509     
 -0.17574433948655871       -6.1685158635252500E-002  -6.3144965119557070E-002  0.19666829504872699     
  -5.1311605787753331E-002  0.16751134389130121       -1.0851916373771760E-002  0.17552975619470024     
 -0.17679166097112453      -0.10816230627449012       -3.5231309897785612E-002  0.21022754597021640     
  -9.5463854549869692E-002   3.6545376164233499E-002  0.20322835737869288       0.22748775195017801     
 -0.13569511255894048       -6.6509235351518209E-003  -1.1168816900387634E-002  0.13631632634137536     
  0.11133056017622597       0.10378431029009963        5.1798058456898567E-003  0.15229086341649981     
 -0.14793665879884826       -8.6568694832369161E-002 -0.11885008210738826       0.20857788942857686     
  -6.3933510151614040E-002 -0.15938744499002261       0.11922310198946506       0.20905979859538851     
 -0.17540653104263818       -8.2610985130049212E-004  -8.5668977403461730E-002  0.19521093022485508     
  0.12387345256446865      -0.17781498243782065       -5.7527276589199365E-002  0.22421460206992402     
  -5.0806752334338658E-002   5.2310050298457526E-002  0.18098828377023932       0.19512669296405005     
 -0.16205048943354924       -2.5670317843987343E-002 -0.16155221637358474       0.23025734507086140     
   6.9442996311035385E-002  -3.8804400419329435E-002 -0.19840219038026652       0.21375579612315931     
 -0.10347059094371237       -4.7070578323335957E-002  -3.6547151460331967E-002  0.11940476043189738     
  -8.2110643823193899E-002   8.0440833766336137E-002 -0.11919915949494669       0.16559385613719030     
   9.1198452509103758E-002 -0.16955698945877706       -8.9323464361032445E-003  0.19273431772062197     
 -0.12610421350505630      -0.17441459681291233       0.18290264939384415       0.28244663814679594     
  -2.2035017909123704E-002  -6.3571920342200772E-002 -0.20294251665827850       0.21380504235832740     
   3.5949816328077727E-002  -6.1039834229645082E-002  0.18351380004256845       0.19671188439661921     
  -3.9246318810761934E-003   6.9532385271451932E-002 -0.19924269961148766       0.21106351813000060     
  0.22343892455588757        3.2834820585246824E-003  -2.7076716791368048E-002  0.22509749632841369     
 -0.16295643370967533       0.10662680034174107        6.7512967404398286E-002  0.20611180122991665     
   7.1687838450815305E-002  -7.2129581727828240E-002   4.6890444890545176E-002  0.11198453716480192     
  0.11879941926864460       -8.4671841465203637E-002  0.15242852408661584       0.21099070527134556     
   7.6653237625010959E-002 -0.14741616021778775       -4.7665027252132661E-002  0.17285600352518687     
  0.12441573781294997        2.3340839997812906E-003  0.17108930943151393       0.21155679040250885     
   1.5041185096132969E-003  0.18140581733319083       -5.8119981140843597E-003  0.18150513011177419     
   6.1494182054214183E-002  0.17565155852525360        7.2181426945110913E-002  0.19961253175765245     
  0.23732423330830055       -7.3802211519683955E-002  0.10468070717315105       0.26968056769971366     
   5.2175020037395776E-002 -0.10144860433396966       0.16449088118601979       0.20017817570995661     
   3.3078731200711524E-002   3.3510773082058090E-003  0.17772097405647916       0.18080424994053165     
   7.8874184729185670E-002  0.13660789776142607       -3.3521207292542814E-002  0.16126539022939662     
  0.11461747925468346        2.3320485795448442E-002  -4.6162721964016599E-002  0.12574580910535590     
   1.5992326003912424E-002  0.14740831157254281       -4.9456615105108168E-002  0.15630393977548385     
  0.11571062574274527       0.12353609318376471       -6.8960185444313218E-002  0.18277205039447231     
 -0.16703168775270077        8.7231131778362697E-002   7.9554610732807299E-002  0.20454288341005245     
 -0.11881457050660217        3.2891167478563771E-002  -5.4269835096525179E-002  0.13469946571599795     
 -0.14643607042726803        6.7105424118411430E-002  -9.2718020546999930E-002  0.18585825782688692     
  0.19731983127907021        6.5021056644959108E-003   7.2397191385913842E-002  0.21028253972843691     
 -0.16612668938471284       -3.5698916254414036E-002  0.10129579202615771       0.19782145240057036     
  0.10628881525153244        8.8516387065213684E-002 -0.11888882604908738       0.18239247787664731     
  -2.6228675571487538E-002  0.19167964663649439        2.1161278454510029E-002  0.19461970625492941     
   7.6395492926424835E-002  -3.4377440578815296E-002 -0.17918875834212930       0.19780467860092546     
  0.20771285593213937       0.11151069971451427       -2.5765656773026717E-002  0.23715635293884008     
  0.16323457309150805        9.0880637486864993E-002   1.1283666750345986E-002  0.18716874006553211     
  0.11792584856620184        5.6194132613983355E-003  0.20825647527558583       0.23939265456498834     
 -0.13914333084657207      -0.13887208584169236        6.4520454552662143E-002  0.20690387091783258     
   9.8741803926573127E-002  -7.3152610837376023E-002 -0.20478665008170091       0.23882801419993302     
  0.17099881613501827        3.1144011349762659E-002  -4.4300405305911186E-002  0.17936853256020113     
  0.17049384439088075       -1.1452138317404402E-002  -3.0714815495749025E-002  0.17361653820463283     
 -0.14077791282891866        1.8193820147063059E-002  0.10470575271394099       0.17638801116686831     
  -3.8348932956082847E-002 -0.17830552546316736      -0.12148865417656705       0.21914149347670300     
   3.9901768826980953E-002  -5.5325213114440670E-002 -0.26714176142406415       0.27571316809037560     
 -0.11529640383253874       0.11472222146279124       0.16026243744144403       0.22833855935594044     
   3.3448572154307035E-002  0.16270353520750258       0.16606789898447999       0.23488251195289181     
  0.15753459767301381        4.9014502365857943E-002   4.2289225530339411E-003  0.16503773717586709     
  -9.4758678726160200E-002   6.4658581188581227E-002 -0.13347545796506527       0.17599896929877715     
  -3.7541613816208116E-002 -0.18615767565193744      -0.14727585740818272       0.24032110008772142     
  -8.5975526249471343E-002   6.9755280166898165E-002 -0.16295540270950479       0.19700774984059100     
   7.3354671370677776E-002  0.15028457647435192      -0.10521006767591189       0.19757408756804479     
 -0.14417351237501153       -2.8631727726935990E-002  -8.8641677380321610E-002  0.17164825799283259     
  -7.8537484130949645E-002 -0.14363608120080376        9.2788510474945962E-002  0.18817323909765230     
 -0.17619830669558034       -3.7792658231356573E-003  -2.5760958585592721E-002  0.17811163106265782     
  0.24135219024794563        3.4535066691289210E-002   9.3273020270378260E-002  0.26104292152673036     
  -9.0303887325962978E-002 -0.17337328429462520        4.1266676633478251E-002  0.19978995563755753     
 -0.10168430259626735       0.10999954892046346      -0.10753696006729581       0.18440118203989331     
   6.9948843188776991E-002  0.11498447744149355       -7.5149578271209629E-003  0.13479890692095711     
  -2.7844052549984087E-002 -0.19133091603911623        6.9760698528555098E-002  0.20554650508818087     
  0.13141747032291473       -1.2789572419816042E-002  0.13723640959896474       0.19044147864467637     
 -0.19330608125529036        6.9080336378715704E-002   7.1843087766833819E-002  0.21748738626491979     
  0.11542646974620514       -6.6289020414064832E-003 -0.13574345881288399       0.17830731580849762     
  -4.4661066095087042E-002 -0.11426899442090488      -0.12578832787644406       0.17571202958439219     
 -0.13478035017903778        1.1955964283788933E-002  -2.8456371272736966E-002  0.13826949389634410     
  -3.2040460111057469E-002   8.3138995480449104E-002 -0.15041005378948558       0.17481952961434927     
 -0.12714722156136737        5.2167972949806317E-002  0.11840856316121327       0.18140700422632583     
   5.2024935280934104E-002 -0.18129047225292866      -0.10254579013341408       0.21468224960336493     
  0.10349944013637907       -8.5665837738144651E-002  0.11288266511212422       0.17548010128427105     
   8.6656841020401790E-002   3.0109675611348793E-002  0.19396120952226834       0.21456223213882986     
  0.14842038291638995       -9.1955283613079655E-002 -0.11594840109058807       0.20959106842819811     
   3.1438254096451922E-002   1.3470806962946399E-003 -0.16945206130193249       0.17234900500585809     
   4.8937766214109245E-002  0.22721741439927357        2.8603534832291567E-004  0.23242792470901277     
  0.20362624278634708      -0.10064459805204469        8.4569994856220701E-002  0.24237381438250130     
   5.2326478693151914E-002  -7.4409267550620911E-002 -0.12733057723310151       0.15648602291693528     
  -4.3049143000357913E-002   3.3728633200283638E-002 -0.21588319371596593       0.22270249827882446     
  -4.3402829522255972E-002  0.13183756708895097      -0.11762962588388121       0.18193866711629367     
 -0.16559485131284632       -8.6381534695345701E-003  -4.0806664856706906E-002  0.17076725790799158     
  -3.4947778717892078E-002  0.16856216857879486      -0.12239009201981926       0.21121999559208554     
   3.0447813501222377E-002  -7.2307618238993981E-002  0.18649234003948742       0.20232363652278770     
  -8.2739138944096402E-002  0.19805148006469644       -2.5076698653893614E-003  0.21465423889870222     
  0.16911787106597143        5.7216244569811676E-002  -3.9346353057233815E-002  0.18281873113951846     
 -0.19018048438589874       -3.4721758728248425E-002  -1.6752195387902818E-004  0.19332419722849700     
  0.15211238775322691       -2.9944392375171075E-002   6.2393542178715226E-002  0.16711612503978596     
   1.2359694492273376E-002  0.11694009773435973       0.12499232889839455       0.17161244357420116     
   7.1387552840170385E-002 -0.11707314908064227      -0.16017549769938219       0.21085183186164450     
  0.12330980596487293      -0.14295285385998940        8.5525963731149249E-002  0.20725712809443239     
  -7.7515425297215820E-002   2.5051845464847981E-003 -0.17617921442245316       0.19249424070120363     
 -0.13844325710754285       -5.4293231283268011E-002  -2.2568355682502986E-002  0.15041150580968068     
  -1.1611194939586357E-003  -2.7753773213491730E-002  0.16137807268101287       0.16375134340915637     
   6.3187218908419732E-002   4.2798592063327215E-002  0.13841575493131933       0.15806095447386967     
  -3.3489647738979812E-002  0.13993018075155755      -0.10067464294980678       0.17560579638473101     
  -5.7659326388195813E-002  0.13039696533954065      -0.12075267093173812       0.18683996902817795     
  0.13976308190651718        7.8625054725118437E-002  -2.0931820870554944E-002  0.16172123985269435     
 -0.17115048907172628        1.5909133696979456E-002  -3.7573669283498437E-002  0.17594706893809053     
  -8.8898247888318668E-002 -0.16654419982597918        2.6893290973174219E-002  0.19069115887386193     
   9.3924989577355872E-002 -0.12946057084681398        4.1159194758933031E-003  0.15999651203767348     
 -0.19906603136848608       -5.1437982851383450E-004   3.5390426951351368E-002  0.20218810981659135     
  -9.3120635192966386E-002  0.11754523173888345       -3.6999237588699392E-002  0.15445801301788900     
 -0.13941558260505396       -6.3412140713665188E-002  -4.9619356446675200E-002  0.16099653659994834     
   4.0528278713298444E-003 -0.24699522151368980        6.4367367670853881E-002  0.25527675743245060     
   6.3601105044155143E-002   8.6190581105456618E-002  -7.1971282912817403E-002  0.12904953466886565     
  -8.8271175493683920E-002 -0.12737848494161971       0.15686537948198551       0.22050810898714474     
  0.18157631788098214        4.5333001527051664E-002   8.2290594902738559E-002  0.20444261359147647     
   9.1604734511714803E-002  0.20721749050820076       -5.9373843509641762E-002  0.23421308471258701     
 -0.11454470384562802       -6.1859745944643330E-002  0.16584479771769217       0.21083551474417370     
  0.17357698861202323        3.7039319093725542E-002   3.2450478680882376E-002  0.18042703705698784     
   4.3080856505896145E-002 -0.12008366533253792       0.12219086563948919       0.17665405323033570     
   2.3132708798344961E-002   1.8383546087999216E-002 -0.11633979611494114       0.12003343343912433     
 -0.11377309749042656      -0.16026421070655433        9.4003609786391051E-002  0.21786604508007443     
   8.2120876012613808E-002  0.14429505608200055      -0.10299916743927411       0.19538098674121390     
   4.3960989971839615E-003 -0.14394930670287667       -9.1079450022673661E-002  0.17040010212163784     
 -0.14436228575998247        9.1224248804916266E-002  -1.3751084432203879E-002  0.17132257715470459     
  -6.7049258215409177E-002 -0.14755082603380026      -0.10890828654384380       0.19526357614365611     
  0.16185534928098580       -4.4696733178056260E-002 -0.10195466650529784       0.19644262793463838     
  -4.6483717931624421E-003 -0.18072792856823494        6.9482644752551892E-002  0.19368022471770788     
 -0.10086592660677832       0.13323146120943105        5.9178029781145863E-002  0.17727548227271109     
  -6.1284463143745020E-002 -0.22519640028806734        3.9194353410561024E-002  0.23665460372617400     
  0.16217783661264884        9.5707361611093080E-003 -0.14537878917588876       0.21800972918948386     
  0.23018128044657424       -2.2956846502504215E-002   6.9608817778593957E-002  0.24156950590233342     
 -0.18377936172519579        3.6469700156246183E-002   7.7893003673946581E-002  0.20290937101808856     
   2.1483532051086280E-003  0.10760314570160479      -0.18839074074201562       0.21696571983541554     
   1.4718459020671143E-002  -3.7278714381053249E-002  0.13493483860172933       0.14076130949348994     
  0.11064552964813641       -6.8098503000875221E-002  -9.9307025457211484E-002  0.16352897188949761     
   9.9696332968797569E-002  0.16481216511673233       0.10317211472888872       0.21851062636750959     
   9.7354857685405125E-002   6.9588924200286895E-002 -0.17398558309623607       0.21116716082676310     
  -9.6495799294899459E-002 -0.20093990631739858      -0.12669127463005486       0.25639610819939218     
  -1.7486883848573137E-002  -6.1403787981682820E-002  0.19552623276279466       0.20568598392608939     
 -0.16287007261182107        3.8289358793037243E-002  -5.7651204593625396E-002  0.17696439455567853     
  -7.0587961495936727E-002 -0.10895211622287894        6.2708919967776715E-003  0.12997133539373523     
   5.4765380185952811E-003   6.3879962104232274E-002  -9.8502563654995004E-002  0.11753040914467036     
 -0.14600267861503408      -0.15399778272215395       0.12643984659182869       0.24702051342402687     
   1.0078771628271914E-002  0.11693307872733209      -0.21356635545172448       0.24369143341348629     
  -1.4758001434934262E-002 -0.19361926712334263        7.8296283497289818E-003  0.19433867934054896     
  -6.2732795341884889E-002 -0.11003107348927618       0.17666498274571332       0.21737699251105785     
 -0.13223840945996507        3.1007302059170124E-002  0.11133530807773889       0.17562460118746184     
 -0.14150887380785940       -5.7933333104532261E-002   9.9932118413283935E-002  0.18266762368174599     
   6.4663728564149283E-003 -0.17158038268180742        7.0621072371908709E-003  0.17184735976378351     
  0.13140526946259268        7.9827377516868386E-002   5.4638684851298629E-002  0.16317212055383956     
 -0.21648677625992108        6.4567884021322672E-002   3.6192655820740605E-002  0.22879126792288795     
 -0.12269304177476711        7.7884435405582611E-002 -0.12556269563592276       0.19205613323648504     
   6.5107374424110409E-002   1.5719696113960370E-003 -0.10018027694103443       0.11948861527711672     
  -6.8097257794479865E-002   9.4791519521468540E-002 -0.18246003250500417       0.21659716561867556     
  -8.8095399363261967E-002 -0.11924731582875885       -2.5607670519277231E-002  0.15045422729441746     
 -0.11539118052760833      -0.12837769151229370       -8.5939639635914680E-002  0.19282525219050439     
  -7.5781067681640196E-002 -0.13722658320486689        7.9274659447424040E-002  0.17566552589383225     
  0.10036384073799494       0.10897198497259550       -5.3115022905018863E-002  0.15738170063495271     
  0.16338638676815401      -0.13954890410952075        2.9912544200466823E-002  0.21694185469813312     
  -8.6064380232905857E-004  0.16223639469607226      -0.15702684767977046       0.22578489622643066     
 -0.12101178727028299       -4.8170955500435139E-002  -9.9125462898651026E-002  0.16367697152331775     
  -5.0677190869040115E-002  0.14240709108101740       0.10907433455094676       0.18640055719408719     
   2.1041604688681298E-002   3.5521065383588152E-003  0.15550576123064383       0.15696307962274630     
  0.11696565947491314       -8.9415101673718828E-002   4.9444146788232196E-002  0.15530856240188132     
 -0.15460154565706138       -9.8465650718257303E-002   9.1505746971573931E-002  0.20486684460826740     
 -0.19317713351510934       -4.0347815435434524E-002   6.0805250753608476E-004  0.19734670215480721     
  -9.1222574794258590E-002  0.13002260435546373        1.5071853698872945E-002  0.15954496723303993     
  -7.3568857658345300E-003  0.11577263446701930      -0.13470659487809430       0.17777315141285149     
  0.15522613038786601      -0.13558990344797553        2.2027302800827698E-002  0.20727994485936516     
   9.9042383607720899E-002 -0.14313344182335319        4.8733434873864459E-002  0.18075265860701292     
  0.16713686513588427       -5.8084446557935931E-002  0.14306562081223786       0.22754407590131523     
 -0.11844301450164646       -1.3576477775255977E-002 -0.13494568725823611       0.18006500754621071     
  0.18371508536308759       -4.7920312633925301E-002   2.0659510553023321E-002  0.19098273306555802     
  -4.0025034031326671E-002   6.0773749241127904E-002  0.16434312279040664       0.17973345251937667     
  0.21954890856371029      -0.24472420604927267       -4.4238192261762663E-002  0.33173585566313446     
 -0.13682412564132232       0.16210129047000094       -7.5289269786784047E-002  0.22509141226306065     
  -8.9410503669379665E-002  0.12235738036623973        5.4098245611907993E-002  0.16091049336443891     
   9.8114554843392848E-002   4.9689448608058136E-002  -1.0935820116933156E-004  0.10997963054268801     
 -0.11171881973098576       0.17248115187643956        2.3268064507857438E-002  0.20681451897932532     
   9.8401872248344138E-002  0.13725168618848449       0.10842524558895295       0.20069127460999997     
  0.24901129954031612        1.6580768032027057E-002   3.8958647014800965E-002  0.25258528330944535     
 -0.13469549066036987       -4.9570942133089373E-002   9.5789580039523550E-002  0.17255664911080121     
  -5.7028121544646523E-002   7.3164832337339628E-002 -0.14274777279023321       0.17024166932462229     
 -0.18190182707808875       -9.4440113891485711E-002 -0.10566933612180565       0.23059318810972460     
 -0.18316142816407879        4.4733580080477890E-002  0.11034993592541426       0.21846352169793601     
 -0.13972952862962329        1.5601590300024547E-002   2.6292557999251436E-002  0.14303513343612656     
   7.2816387568559210E-002  0.12887331824897794        6.0951733610227307E-002  0.16008020578800206     
  0.12219383846709157       -8.4923131399290849E-002   2.7700306706429950E-002  0.15136241078158466     
  -9.3560708446773125E-002 -0.10390008916354684       0.10415379252426325       0.17434691620571424     
   4.0633021322950491E-002   9.7094787430510074E-002  0.18641844417025016       0.21408007028881498     
   8.4824083877214490E-002  -7.3890103729235601E-002 -0.14473265049076744       0.18330960900293405     
   5.8279392315934271E-002 -0.10987298847524596        9.3987438905629439E-002  0.15589162850273755     
   4.1725586036697390E-002 -0.10592184131030732      -0.12873101830260575       0.17184916662555447     
  0.15571527138982799       -8.9618897323611724E-002  -8.1674244589788163E-003  0.17984854551483301     
   7.1340182895513943E-002  -8.3829429666019611E-002  0.13137936319493604       0.17139816815591241     
  0.12022719379884379       -1.7762464806412935E-002 -0.24767395285597407       0.27588488579124276     
 -0.14615999333596538      -0.12410092276149681        2.6573763492024650E-003  0.19175725366015686     
   5.5027143910424743E-002  -3.3992771524898560E-002 -0.20774858018583836       0.21758439202321994     
   9.3850596006993262E-002 -0.17332379490832300       -2.8286579050539790E-002  0.19912107574707585     
  -1.5235778905200732E-002  -4.1809524572270100E-002 -0.14723393813251262       0.15381156602094645     
 -0.16170220575557728       -6.1636399401414819E-002  -7.1728270746915193E-002  0.18732750439199405     
  0.12522371172602495       -8.5267881195901035E-002  0.10847230170388050       0.18632721159030574     
 -0.10531240584000963       -9.7067971893670432E-002  -2.3760732157219078E-002  0.14518080583881740     
  0.16797432330354403      -0.13052380914391581       0.13132707553668338       0.24999727760865445     
 -0.16315170950361627        5.2016915338751607E-002   5.0343306694163405E-002  0.17849002303830272     
  -6.5187189540478099E-002  -8.7221375254356526E-002  0.11941148582043251       0.16160458201205449     
 -0.18867726711530949       0.13162456119207602       -3.2132482764128618E-002  0.23228567042264023     
 -0.11148234426475191        8.5428053777862153E-002   8.3655492469546608E-002  0.16347631900480369     
  -9.5393282434556873E-002  -3.4196121720215251E-002 -0.16652832680854746       0.19493828947643224     
   6.0624119194446102E-002   2.8891210844936441E-002 -0.16817361444544804       0.18108658284874446     
  0.10161785807968760       0.16745485182585237        1.8417802540989563E-002  0.19673975686464742     
   6.4315149636392663E-002   5.0002028538964370E-002 -0.11964705375098697       0.14474826010026701     
 -0.11149789849819650        1.7112873243292401E-002  0.12616903081912928       0.16924318638572577     
   5.0104044664020603E-002 -0.20221640464450030       -6.3613305511128412E-002  0.21782686298318352     
 -0.18500609330279319        1.7981154823557069E-002  -4.8714382994256199E-002  0.19215532154603898     
  -7.6832947933409279E-003   9.8824244309367842E-002 -0.18423347225879180       0.20920620588961986     
  -9.1677704836742369E-002   7.3004193177044124E-002   9.5290757375904117E-002  0.15104549720808449     
 -0.15936214081899039       -2.8973352015313498E-002 -0.16997723008507684       0.23479353866921071     
  0.12951674221061085       -8.1748295845083502E-002  -6.4325088699209720E-002  0.16611769147982500     
  0.10265240831718640       -8.9278287170155166E-002  -7.0107825983432806E-002  0.15304651827950333     
   4.8932706416785723E-002  -3.9119937740924454E-004 -0.14852604886993032       0.15637950628882660     
  0.11624991563980372        2.5868997203063966E-002 -0.10530466870854262       0.15897270568990618     
  0.18906921578837343        3.1429890364376593E-002 -0.11730725418683421       0.22471314659361116     
 -0.14869773911009890       -2.2086973298606964E-003   2.4515051430857814E-002  0.15072121186816265     
  -4.4221167910912192E-002   3.0421456351365388E-002 -0.20806917881689097       0.21488080386921132     
   4.4518273855161924E-002  -5.2744837535565414E-002  0.16639692012839191       0.18014391364104096     
   6.5638718630896709E-002 -0.18917982359629482        9.7953350735463934E-003  0.20048290607589042     
  -2.7587752409549415E-002  0.17298707379022565       -5.9269477502037267E-002  0.18492831785554120     
 -0.18949229125759467      -0.14317756713742380       -9.2659603216802722E-002  0.25493714175408005     
 -0.22502643603088421       -1.2404178662063085E-002 -0.10808061498643395       0.24994435360073206     
 -0.13162855484138802       -2.6809652460986585E-002  -6.2073671212219184E-002  0.14797964242582110     
 -0.15346774545125444        4.0342226579863451E-002 -0.11782214154218604       0.19764083883878603     
  -4.8762781948254418E-002   7.0581020594174371E-002 -0.13887735818475233       0.16323728124366771     
  -9.0433225512771748E-002  -7.6993254226524144E-002 -0.15831352404811264       0.19791235779901756     
  -8.1175813803785024E-002  0.18025476170101473      -0.11268092534037337       0.22754841857978092     
  -3.0357518489889802E-002  0.17049176847009770       -6.1511138693501020E-002  0.18377334471651899     
 -0.11516435322926055      -0.10700636941994891       -1.7124778929368339E-002  0.15813427650111853     
  0.14799437652547504       -1.8832494615741525E-002 -0.10616193065708263       0.18310476197372702     
 -0.17085543850213347       -3.6217297433727619E-002   1.1660130998336484E-002  0.17504065857410891     
   2.2335381241068649E-002  0.12360727049733855       0.18912996690489642       0.22704134195435272     
   1.0257566885113419E-002 -0.17570826435774670       -1.0904674266040729E-002  0.17634490001943018     
 -0.14040497367180454       0.15520302583722648       0.10429255334407656       0.23383428436360221     
   9.8903769132289376E-002  0.21598191103525655       0.13952562858287279       0.27549508611672269     
   7.2048426484310549E-002 -0.16386819384762444       0.15281998745521444       0.23536717969920873     
  0.10865717199642555        2.5068346364311388E-002 -0.17931498549341254       0.21116028755001412     
  -9.0112193462839482E-002 -0.11468443097257015      -0.12076495348430469       0.18935918279358066     
  0.15694049963367065       -2.9227932318828781E-002  -6.4325971603988785E-002  0.17211165874425063     
   4.3162951299344887E-002  0.16272132004523746       -6.8855243401664989E-002  0.18188543896100301     
 -0.16063392164726478        4.4920977077083741E-003   8.6943726322824877E-002  0.18270918770684050     
  -6.2177700899963897E-002  -7.2888228653812392E-002  0.17839654874325400       0.20249466405068556     
  -2.2776975507053331E-002   1.9732297180716018E-002 -0.22789408647091097       0.22987794329532368     
  0.11865778379915315       -5.8977449378363786E-002  0.11476226633066823       0.17529514244455052     
  -2.6860768856554126E-002   9.6673917855380306E-002 -0.10947441494775161       0.14849914082319313     
 -0.15494386589867909        5.0600545443220755E-002  -9.3505629922816191E-002  0.18791306395788973     
   5.0538671543839543E-002 -0.14175516139985025        2.2592379404748838E-002  0.15218113783278731     
   1.0116063854833945E-002  0.15761806564591077       -9.9731154691173329E-002  0.18679425200446736     
  -6.7523751329061216E-002  -1.1009561680044456E-003 -0.18783701990661161       0.19960815400536516     
 -0.19390022112612942        1.2407800438568066E-002   7.0692842383049931E-002  0.20675765337389559     
 -0.15907981289457623       -1.7369360945604980E-002  -1.1175331630351922E-002  0.16041499184078911     
   9.0938665204514962E-002  0.11258113477459841       0.12554006638989978       0.19158460534577304     
   7.2879241908241146E-002  0.14958929501606893       -7.8717368616799163E-002  0.18407814972580933     
  0.18593351928648164       -2.2488268139926305E-002  -2.7014926782170406E-002  0.18922685345171200     
   5.9607374843399348E-002  -5.9828535188988216E-002 -0.18623996112703389       0.20449404851775177     
  0.16650836052809709       0.10254648154084006        7.9331527719571082E-002  0.21103152914311568     
  -2.0980817530000296E-002 -0.16554496525664120        7.6329428589950316E-002  0.18349798880346899     
  0.16524852293249781       -5.7928003667313016E-002  -8.7166838780445316E-002  0.19560364445282871     
  0.10061919149384825       -3.0350280257425116E-002  0.16722053543255588       0.19750460419678986     
  -2.5839569156744090E-002  0.22734966568537918      -0.12688594743439807       0.26164020615682265     
  -8.5814695463640581E-002   2.9883755737358637E-002  -2.5247165792496990E-002   9.4311294101190879E-002
   9.7951012834978882E-002 -0.12991863375503096       -4.7756221866099534E-002  0.16956977631375289     
  0.10258725433763226       -1.0038153446212101E-002  0.20788603283626303       0.23203773814951650     
  0.18513444696641365        3.8161096918459141E-002 -0.12095486716480702       0.22441281750924114     
   3.3939382861847639E-002  0.12865934346248167      -0.14010644079155160       0.19322247053724487     
 -0.10361300423747873      -0.15868152427657667       -7.5650861587875373E-002  0.20405522206707050     
  0.13714123119310775       -7.6370096953300923E-002  -6.9432554501377966E-003  0.15712516602398191     
 -0.10738276789240941        4.4767230470647082E-002 -0.16121462315031107       0.19880975449344512     
   7.3720925782664384E-002 -0.16260990109749313       0.14900651521689878       0.23255041692130654     
  0.14104996005769654        6.1381556678960905E-002  -4.1099912505411347E-002  0.15922308105473512     
  -6.3304302642443896E-002 -0.15813948059394475       -3.8383254148599610E-002  0.17461043569788359     
  -7.9313939815487108E-002   7.4265315086354700E-002  0.18834888410689832       0.21744272859363237     
  0.11398356305989349        8.5490891916648590E-002  -9.5413230031408794E-002  0.17147778198227120     
  -3.0233849388225192E-002  0.18982796632918131       -5.2953291480631548E-002  0.19938102599830157     
 -0.13845402792300635      -0.19267297797748345       -3.1995313191646904E-002  0.23940779928199504     
  -4.9377275182837070E-002 -0.14821735526707988       -9.3536597730445467E-002  0.18208677827298875     
  -3.4645178556578463E-002  -5.9697445174381844E-002  0.15826860669211468       0.17266448743684620     
  -1.8054473173000816E-002  0.13424721206506202       0.19410156403358692       0.23669325108477635     
  -2.4952247653902061E-002 -0.14611141923162205        3.5812893254357686E-002  0.15249172048379706     
   7.7154166446134903E-002 -0.11177428176485801      -0.15392002044860850       0.20527451902013513     
  0.11491520736720690      -0.13791670383919039       0.16019487209398711       0.24060116194092665     
   7.5288655922214592E-002 -0.14747116717507208      -0.12950542351970593       0.21020889985814131     
 -0.19734087850617374       -3.2982798993257331E-002  -2.5352841927743088E-002  0.20167809487604541     
  -4.7844081419917799E-002  0.15413960835561175       -9.4708372692906731E-002  0.18713030446476492     
  -7.7624535827244684E-002 -0.14934236277219429       -9.3648699807520622E-002  0.19261045884483011     
  0.18805289102166967        1.2240773719737721E-002   3.1519245021298985E-002  0.19106854573576068     
  -5.1165992986772088E-002  -9.3866709020053063E-002  0.19825238427259065       0.22523970735717241     
 -0.19679443664230270        6.0482354944209275E-002   9.1203448087433275E-002  0.22517600781609870     
   6.1753110548201949E-002   3.7825102209964906E-002 -0.11763759344671523       0.13814046623458096     
   3.0829290320679558E-002  -8.3060805737697252E-002  0.16071206948546740       0.18351542678961333     
  0.12421798579128462       -5.4520872378797769E-002 -0.12899097686305283       0.18719323072983590     
 -0.10916789340367838       0.15575698203439442       -9.8613314304640209E-002  0.21424857563308397     
 -0.18595514897994214       0.10260024095933588       -3.8081113354343658E-002  0.21576908506867390     
  -6.6553192125826582E-002   5.6476908811646520E-002 -0.17117989904423281       0.19214975005929608     
 -0.14735830852242482       -4.8432529822375392E-002   9.7429474793155363E-002  0.18317391624916335     
  -9.9736815611051521E-002  0.17012768007371706        4.1927191909858899E-002  0.20161534995367802     
   7.7440437347392598E-003 -0.23659015538373918       -7.0311448902363655E-002  0.24693839653771363     
 -0.18665338850326899        2.8350212696387062E-002  -1.5104327342667988E-002  0.18939736720492478     
  -8.9478123119375724E-002 -0.12962219516224410       -2.7145951818397268E-002  0.15982850401530949     
   7.4685345475899875E-002  -5.2341909223625596E-002  0.16416982663926796       0.18780124671789608     
 -0.14475058635821164       -6.0591465367578923E-002   7.5018771753390209E-002  0.17393065871727117     
  -6.0680488317163845E-003   5.0986662672494482E-003 -0.17796700082969327       0.17814340009847385     
   9.3087952212100672E-002   7.7610021067509236E-003  0.17502087910545874       0.19838827617475518     
  0.16881769776634187       -1.1758357164123748E-002  -1.2293506833944133E-002  0.16967263878599659     
 -0.19701296247286848      -0.12857622483253658        9.6160199139157868E-003  0.23545364897046661     
 -0.14531513458982417       0.12823294154535286        8.9757043312280807E-002  0.21358020147568746     
   5.7392677014744986E-002 -0.16986909222060734        7.8436224746344402E-002  0.19570812251726061     
  0.21436883744371615        7.0363955148300794E-002  0.10227116540624366       0.24771854174573557     
  0.11743319890635542       -4.6442804468043469E-002  0.25404855216496780       0.28370434813261663     
  0.11254814815198010      -0.12250722531931856        9.6270296054020710E-003  0.16663668745777935     
  -1.4197591992867565E-002 -0.16979199064792536        1.0544270837046090E-002  0.17071049573493158     
  -6.0231846909982421E-002   7.6338588677104149E-002  -7.3438385350906271E-002  0.12185504481287535     
   7.3027945268876557E-002  -1.7182222628411938E-002  0.14977558737308994       0.16751428636865703     
   5.4011901703392193E-002  -7.6902559255368735E-002  0.11876188871293220       0.15144528832652832     
   2.3344116152291296E-002   5.5935203169588804E-002  0.21557593476740172       0.22393454035363525     
 -0.17718351919071931       -9.4716482642288088E-002  -6.4956551389912645E-002  0.21115057453250091     
  -9.2049957979334351E-002  -5.9582577094828143E-002  0.15509139046005574       0.18993845753846647     
  -7.6285470306462017E-002  0.19807544151235726       -4.8353331801253605E-002  0.21769565500136995     
   9.0572452470756487E-002 -0.12556465764802588        9.1400593014864043E-002  0.17978854468597880     
  -6.0033684687275525E-002   6.1599403027232894E-002  0.21667332218806740       0.23312198158572853     
   3.2704691353963089E-002   9.2945928724078572E-002 -0.16214012720685855       0.18973129249967111     
  0.19271712038541763       -9.8547317136669851E-002  -1.0267992919103601E-002  0.21669539423594056     
   3.2480662872589924E-002   8.5585291428816310E-002  0.15176466209954995       0.17723529059357460     
  -8.7937956881889628E-002   1.9280525921171882E-002 -0.19485023806860574       0.21464258248481449     
   1.0280522522913175E-002  0.13430379531912950       0.13589627266520543       0.19133999975113047     
   7.3715967406420516E-002 -0.11111043749600949        3.2163298309217304E-002  0.13716432090506184     
   5.4501592439224533E-002   9.7796428415091077E-002  0.14362249242037917       0.18210432536928178     
  -1.4635967921246881E-003  0.18599900969327193      -0.13243267464472677       0.22833349959216201     
 -0.10149921695917723       -5.2006741272900815E-002  0.14263765128157294       0.18262609820142406     
  -8.4385873122951420E-003  0.14468399289397760       -2.4721490668554162E-002  0.14702319428051888     
 -0.17798465146650796       -2.9759543967977562E-002  -4.8341330407381221E-002  0.18681822941135029     
  0.10139186575989151        7.2716993683156456E-002 -0.18746388282255250       0.22519053926729640     
 -0.18796193444778073        1.3542796824090476E-002   4.9467399204985524E-002  0.19483356931308274     
  0.15237156531382895        2.5059024858534371E-002  0.14589701702423219       0.21244055220135394     
  -4.0796886355487214E-002   6.9005696364499006E-002  0.16014769945425017       0.17909064103838818     
 -0.18502604231686712        3.6672366310855062E-002  -6.7157784402193166E-002  0.20022404149375295     
 -0.11761079045838128       0.14410234736394462      -0.13308950276973258       0.22871510727439689     
   3.3164905579382009E-002 -0.18512059123030813        5.4005774157060933E-002  0.19566851535658880     
   1.3185022640451915E-002  -1.2081714356805860E-002 -0.20946007941784672       0.21022211471098692     
 -0.10172924962276832      -0.18117861681809996       -7.2642498471442385E-002  0.22011693257245094     
   2.8995346374361033E-002  0.15845876097809011        9.3520652077940455E-002  0.18626868069314242     
   3.3300714119087936E-002   6.7275789539323644E-002  0.17344583301038966       0.18899319143198934     
  0.10745092399465378      -0.10674878779740510        7.3946510939426821E-002  0.16854996660822885     
 -0.15272808554030345       -9.5413404357806805E-002  -3.3932534551557522E-003  0.18011413051996650     
 -0.10983772978557967        7.0816022995731323E-002  -9.0005191030040593E-002  0.15868260903368100     
 -0.13579732988438709        2.8401249797677698E-002  -9.2496972760845772E-002  0.16674302313356257     
 -0.18965262168497823       -2.3718019216497431E-002  -6.3353444533842937E-002  0.20135620249161021     
 -0.15787478350913339        4.9357298854257299E-003  0.11709691777732383       0.19662272719730789     
   3.4313468057534775E-002  0.11702355407357704       0.15185704890235022       0.19476264939530283     
  -4.1489131757088508E-002  -3.7159166883125976E-002 -0.17637205979789550       0.18495744163119657     
  -9.6477773074930231E-002  -6.3080116211496909E-002 -0.18692115803261161       0.21960551240578241     
 -0.12472434278315524        9.3343055855483636E-002  0.13221921649104976       0.20433063639267859     
   5.7254587506840551E-002 -0.13921292495824145      -0.14989693742919577       0.21243214944226230     
  -9.5583164554624081E-002   7.3640243016788931E-003  0.15860032463506701       0.18532251124604562     
   9.4054472484658373E-003  0.18466326421341192       -7.3701489316593649E-002  0.19904997642647440     
   7.3033984031770652E-002   5.8064791299043794E-002 -0.13930007987975679       0.16766035627619627     
  -7.3847277814539883E-002  -2.7481997500575474E-002 -0.16018687961752306       0.17851755383949866     
 -0.13125609802808819       0.14285167099490975       -9.2781181451271552E-002  0.21504211403139342     
   6.8292925034642502E-002   8.5575407303900605E-002  0.12207636119185745       0.16398082786368845     
  0.15942051773812319      -0.19613180778459505      -0.12221800972531428       0.28074869439048439     
  -7.3958969046025669E-002 -0.11740720239210832        7.9559229590532937E-002  0.15995015251299888     
  0.11059160277327013      -0.20378997356446055       -8.5757588585386832E-002  0.24721492659090138     
   7.8326636710552483E-002  0.10866780459718045      -0.11701068688072865       0.17786302206658297     
  0.14718706027373296       -3.9595331235429493E-002  -8.6844268365581331E-002  0.17542447923713494     
 -0.13797186325541791        1.6518412564082315E-002  0.20618991842356393       0.24864306839991523     
 -0.12688221117359977       -9.8744605067638436E-002  -6.2975811119976952E-002  0.17267178498088465     
  0.13786635788741441      -0.10742594163535713       0.16438306443477904       0.23993594446508532     
  0.10953369474168508       0.19008725559425946       -5.0736610518684902E-002  0.22517770464690037     
  0.12533540293223461       0.10356249743794789       -7.0982715389973250E-002  0.17740546775086868     
  0.17496634650057480       -2.2961011739111487E-002   1.0899093051338349E-003  0.17646987949827653     
   3.6098151000869869E-002 -0.12698681508028734      -0.13676854775456637       0.19009040839771427     
   9.5586743008106170E-002   5.0582595069364994E-002  -8.0754624078950843E-002  0.13496938050158544     
 -0.20696965482112811       0.14281292782135943        8.0118666065940300E-002  0.26391470406529344     
 -0.10492415262233133       -1.4566188562081552E-002 -0.18316745956246841       0.21159293441726473     
  -3.3351666278006065E-002 -0.11372714562910964        7.5722816031664641E-002  0.14064189334700214     
  -4.9255150113746954E-002  -9.5255791817267843E-002 -0.12016495274498895       0.16105698232510085     
   8.7018326916165512E-002 -0.12924895809849224       0.14231093739223222       0.21102105413984240     
   9.0037243238997297E-002  -8.0990244399798725E-002  0.12773365308056492       0.17601707584016843     
   2.9031069375078263E-002  0.12251464290501743       0.15985530109778168       0.20348552283704849     
   6.6189400707604804E-002 -0.12352612085119437      -0.14032090160601327       0.19831715691311280     
  0.11865550929073466        4.8460407334103908E-003   5.5280891422036016E-002  0.13099080483853981     
   1.0703417832317616E-002   2.1924134756832964E-003 -0.16832934505752753       0.16868354465577756     
  -8.5391522194111363E-002 -0.15686591360115398        3.8596778612619495E-003  0.17864356698673714     
  0.19306570443484394       0.19135161210100135        6.2616793979772628E-002  0.27894563730390176     
   6.8076204821254760E-002  0.16181909488631854       0.10037725913550480       0.20222606974435584     
 -0.19779750865133250       -2.5617629490184542E-002   2.1844936789836783E-003  0.19946149849533329     
   6.7831674498985348E-002 -0.19442093605194602        3.6840143896677856E-002  0.20918372939351451     
  -5.2407210243934521E-002  0.14292313318016051       -5.2159023880961372E-002  0.16091644246564907     
  -7.9136934623879066E-002  0.13652732234907317        9.2592244927793332E-002  0.18296362477345138     
  -9.7957180739014438E-002   4.9578614316095108E-002  0.15148017718626272       0.18708258159492452     
 -0.14492668755668944       -5.4891290599039758E-002   5.8696568025450889E-002  0.16571688401532567     
  0.11686859972433036        4.2530631789701435E-002 -0.15572976487199516       0.19929597062922222     
  0.25038438944946795        4.7732638476454980E-002   4.1056017528525758E-002  0.25817889888836654     
 -0.17119585494739112       0.12541014005857515        9.2732077222845086E-002  0.23159223244043253     
  -5.8678676204884497E-002   6.1523146033566178E-002  0.17270798287974315       0.19250021269966130     
  -7.2777190496117472E-002   6.0027125818501351E-002 -0.14784927897772712       0.17538296549201163     
   1.1425013028254858E-002  -7.4336311976177308E-002  0.18702504798793596       0.20158072024825466     
 -0.10721614582608888        7.7283878957518426E-002  0.12132758416121806       0.17941148946184848     
  0.13400515822193879      -0.15922102234465998      -0.11034133897807845       0.23555026528119383     
   6.2779108100427888E-002  -6.0988348370728217E-002 -0.14288474103798479       0.16756146416275580     
 -0.16113866122569598        9.6137675481875268E-002  -5.1819176153277392E-002  0.19466213757655179     
   4.4953352781629263E-002 -0.14130013030729302       0.13183422130135639       0.19841066669234952     
  0.15246888620738297        2.4850639354413066E-002  -7.1967229456292012E-002  0.17042182270254472     
  0.18332983184148866       -2.9908597138824041E-002  0.11630276890575822       0.21915904152233187     
  -9.9245188107453655E-002 -0.11315788922023898      -0.13306371048787161       0.20089864684478054     
  -2.3231139387132900E-002   4.7106218226563044E-002  0.17909940281274686       0.18664211132730882     
 -0.20793552867674861       -1.4445445310236646E-003 -0.11010185828878158       0.23529065003442867     
  -8.7918684995555010E-002 -0.14399324889588877      -0.11747013015509040       0.20557962539511274     
   8.2733547831618653E-002  0.10625569079958520      -0.16353776170453971       0.21184832137034884     
  0.17570181028627174       -9.2731540166273593E-002  -2.8966171852013119E-002  0.20077177040421443     
 -0.11419563788801189        8.0218471373768876E-002   8.5696269270763029E-002  0.16376659436259045     
  0.16064367580069563        1.5275829373111071E-002  -4.5725244962404321E-002  0.16772161329019969     
  -5.6234193632441979E-003   6.1116148873088708E-002 -0.14345511724251114       0.15603261569772864     
  -4.9004149488654995E-002 -0.15025553737207525      -0.14971900103875516       0.21770142960054331     
 -0.20874801186219377       -4.9961038648719163E-003   1.7729471115680542E-002  0.20955912687422834     
 -0.11552490045991728        4.5187224755937866E-002   6.9590259658802514E-002  0.14223463764778607     
 -0.17698866061064186        5.9794778237700144E-002   3.3009462057365185E-002  0.18971037418802733     
  -5.7395021876553209E-002   8.9362405847888432E-002  0.16521715751803742       0.19640910684963855     
 -0.17300337512467334      -0.11117714377838400       -2.8554796329286931E-002  0.20761960768832738     
  0.10825439325240178      -0.21682750524174471       -1.0792484141732710E-002  0.24258948534871422     
  -9.1181192557642690E-002   3.6076730555996951E-002  -9.3917160611164424E-002  0.13577913470451625     
   7.5182925935204217E-002  0.13872447231358645        4.1897791722043186E-002  0.16325555586884363     
   3.6412830862186781E-002   6.5700406258831154E-002 -0.11040340969007179       0.13353407993904595     
  -8.7470923138439315E-003  0.11243172725868054      -0.17180528903489622       0.20551024854902364     
  -7.6889188585121584E-003  -9.6053667261888576E-002 -0.19411543911269344       0.21671693558553329     
 -0.22485412130768453       0.10817742265492303       -3.1664206665244353E-002  0.25152405973395880     
  -3.9807321135738316E-003 -0.12221669177439166       0.16351401175150831       0.20418030760949768     
   8.0875958040727391E-002  -2.8357684515940337E-002  0.14587313534903537       0.16918643703521005     
 -0.10260442699778237      -0.12020733826668129       -7.8105270183790002E-002  0.17628926752127150     
  -7.0327181333579181E-002  0.15821034538119352       0.10388241778878746       0.20191082820296405     
  -5.1275732563884173E-002   1.8805543400669172E-002  0.19495016292456793       0.20245595875862238     
   5.3418357165118252E-002  0.17382330478616750        7.1350856610139388E-002  0.19534330525514740     
  0.10161641118002451       -1.2623776906864007E-003  0.16015326348077169       0.18967487029673497     
   8.2098422608740618E-002 -0.12736089007718604       -6.2829150810377890E-002  0.16403795142481403     
  0.15255852300346312        2.2893407974116195E-002  0.14388018166944014       0.21094956209221818     
 -0.14743629388399995        8.8989500712791908E-002   1.6401026347684998E-002  0.17299013167408900     
   7.7354438656849541E-003   4.0254283834007545E-002  0.14030703605762940       0.14617218896241829     
 -0.19718408730568551      -0.10643207420265291       -2.3802020078830109E-002  0.22533505467522857     
  -8.0561483710767129E-002   4.5413155999118847E-002 -0.15292534239028660       0.17871392710325318     
  -9.9777167855891830E-002  -4.4204498228651488E-002  0.10998113594563567       0.15493666819988761     
   1.3849322803127818E-002   3.5660760073120877E-002 -0.20002877272186254       0.20365412705789310     
  0.13061321320864694       -2.0403046917083199E-002 -0.10328135707021729       0.16775915625221141     
 -0.11818672623948878        3.0726339073698178E-002  0.20846868511088215       0.24160174428993653     
 -0.20793281214372233        8.2825380223310263E-002  -5.4594578641928786E-002  0.23038373638827500     
   6.2778147727656261E-002 -0.17285177039461774        2.2051846826806878E-003  0.18391218882976140     
  -7.1699395128461043E-003  0.18068499323229076        6.8470882086746454E-002  0.19335650106915972     
  0.10946385479525814      -0.10597478064028093       0.13279518792269829       0.20210777217568296     
 -0.12613220225891472       -5.8299208564153063E-002 -0.16288832691246666       0.21410450067719969     
  -7.8612643484520267E-002  -6.4315916343100479E-002  0.13256611379039915       0.16700377042499981     
   5.6879837543903994E-002  0.19858968445887354       -7.9106500548132397E-002  0.22120356489321674     
 -0.14789667488400815        1.3848175910607835E-002   7.3186286741148271E-002  0.16559417557617997     
  0.18934687916885834        8.1149307090554221E-002   2.8293723607379459E-002  0.20793745571164926     
  0.20442411104409139        9.3852698557412642E-002  0.11372478368528885       0.25205331306479845     
   6.8103412740385241E-002 -0.19640615117071997       -9.4204894713362936E-002  0.22822798520895454     
  0.11760089302760601       -9.4702946745877759E-002  0.14804624131086952       0.21146230805871574     
   8.5570451701939110E-002  -1.9646752531874569E-002  0.17877670910019816       0.19917180725750191     
  -8.5386847872129759E-002  0.17988549577975607       0.12781319950766079       0.23661343865015777     
  -8.8526222062434046E-002  0.21212826753736533        7.9473140690159344E-002  0.24321034922924081     
  -2.2904033513692211E-002  -9.0576344208704349E-002  0.12290264823214880       0.15438176648777321     
  0.16132276147956107        9.6812274355200970E-002   7.5000655455207108E-002  0.20254073209092718     
 -0.11498251263151088       0.12333281369654801       -8.4437000758670316E-003  0.16882907692792193     
  -9.2516638228193893E-002  -7.6491584989684544E-002  0.16314195226698133       0.20254774131735623     
 -0.18183175532970230       -3.8043400549757966E-002  -8.9566431964297699E-002  0.20623344371484761     
   2.7550637983298990E-003  0.21730522850730441       -9.2998623202370873E-002  0.23638506008350274     
  -5.6480662242214923E-002   1.2982839419878166E-002 -0.15678374083816557       0.16715190910644895     
  0.20777633435685325       -4.1299002336781153E-002  -4.2569209853360861E-003  0.21188377495471361     
   4.7706584101222936E-002 -0.12082647556831996       0.10495422927789090       0.16700402871842635     
 -0.16799709356262443       0.12721436031038061        4.6828468025053832E-002  0.21586899344797533     
  -6.8929977715817839E-002  -4.2449180881507918E-002  0.15559594635532273       0.17539490673227257     
   1.4063966817729430E-002 -0.20027904493095375        7.4704972032092865E-002  0.21422026945978048     
   1.2799836717155790E-002  0.18770766965853991       -1.8895392379836819E-002  0.18909003390399345     
   9.2814536621623422E-002 -0.14435763082699657        8.5563671512024070E-004  0.17162283035907072     
 -0.15721264043910510      -0.14790191972074185        6.0059133953289601E-002  0.22404886016700754     
 -0.14841311218666853       0.11104581393070020       0.17838908711303939       0.25725530327184298     
   8.9735616035617916E-002  -2.5931903022356186E-002 -0.19564459985407545       0.21679887876027873     
  -8.6398404051842653E-002   7.3344068032437995E-002  -5.4064473750157965E-002  0.12556673070576407     
 -0.14236981951389813        7.2062192347306431E-002  -2.6376611555076358E-002  0.16173388856837487     
  -2.6354740195146907E-003  0.13055039329422694      -0.15503587117558129       0.20269798288033433     
 -0.15730145808673157      -0.21492094275561802       -2.9323420132770218E-002  0.26794518715487009     
  -5.5482267570324789E-002  0.19602195673684245        1.1769922855657427E-002  0.20406229593365299     
 -0.13128708158198069      -0.11512485289193557        3.6679821653065853E-002  0.17842488296256265     
  -3.0024647211474693E-002   1.0352263059274414E-002 -0.19364988500598809       0.19623691485919345     
  0.15663648672400757       -2.0963931198736633E-002 -0.12995103961800214       0.20460143714633366     
 -0.16605608410459430       0.15923997229101977       -8.1828359448762170E-002  0.24418819024160987     
 -0.12003994043489236       0.15603525040243774      -0.17434987474111366       0.26297236639998123     
 -0.20555207444694651       -1.1214038855044758E-002  -3.5794830506489371E-002  0.20894659573171750     
  -1.4407090262740660E-002 -0.22849862268580690        8.9944475121127326E-002  0.24598616510682991     
   8.6177057838377757E-002  -7.1437329784001274E-002  -9.7095213436580702E-002  0.14817981595562341     
  0.15901785563612689       0.10398134107907429       -3.8747846355785528E-002  0.19390769273271866     
 -0.11373236999038462       -5.3058649413085260E-002  0.10324335933057854       0.16250988741314601     
   4.2948707470512423E-002   5.5210501158745248E-002 -0.18799065168920664       0.20058234227897548     
   2.0326458004671810E-002  -6.3388567974043200E-002  0.13220130448515791       0.14801506799104278     
  -3.0063757693683170E-002 -0.12659283663049747        4.4605120392827290E-002  0.13754705586845156     
  -7.1859408586636966E-003  0.12317419674537770       -9.6103165300302495E-002  0.15639481727547910     
  0.14441666170466139       -3.6876486038752557E-002  -4.9925105459555981E-002  0.15718957839383854     
   3.0242614983715610E-002  -2.3033282354154798E-002  0.17269288447891695       0.17682754368793352     
  0.17599362166821719       -6.1848144108632354E-002  0.10228338695041439       0.21274594953518133     
 -0.17847199475914713       -3.0956130060906410E-002  -2.5659973069497362E-002  0.18294526263225327     
  -7.4458601020289755E-002  0.15194674229696070       0.13630577801516100       0.21728129436487631     
  0.15312008306559724       0.11207457762122602        5.3151019894724684E-002  0.19705710264499737     
   6.6221889216533441E-003 -0.11550432215121600      -0.10686650621734038       0.15749778402513098     
  0.12712237782106647       -8.7262652624059509E-002  -5.5057030430246949E-002  0.16372582595811325     
  -1.1022650022050598E-002 -0.16056602513618590      -0.18692558400556092       0.24666601143522571     
   8.0415488800092152E-002 -0.15254912108392626        5.6650707770734075E-002  0.18151360244720299     
   3.9470107275912089E-002 -0.23806558624019955       -1.8873485385102678E-002  0.24205231081492196     
  -2.0151762199275031E-002   8.6567100323721989E-004 -0.21764910011699695       0.21858173228282490     
 -0.13822618273911752       -7.9872923065328366E-002  -8.5098502206494064E-002  0.18090858606328347     
  -4.9254244746387295E-002  0.14725045164062361        5.6051433612103373E-002  0.16507707092106003     
   1.7030068327353414E-002  -9.7060452244079359E-002 -0.12800089956340338       0.16153942214239847     
  -8.9636336535144356E-002  -1.4078937288087345E-002  0.21169255050902683       0.23031852996148711     
  -4.7637342856155299E-004  0.15670794338366067      -0.11877717101083393       0.19663576176402126     
  -2.1368781011051271E-002  0.10502970485997315      -0.16159636753501253       0.19391041670158463     
 -0.10313374810730989      -0.11797844493743155       0.15213406074380348       0.21840388253626788     
   7.8446729514125915E-002 -0.21402663758910437       -9.5911660639476329E-002  0.24730616170201325     
  -2.8856809351351216E-002  0.19729337293018526      -0.10815491461708078       0.22683667252879863     
 -0.16939665438299290        1.8035524560585863E-002   7.8474444338368782E-002  0.18755997727804932     
  0.12934955793390876       -5.6792526579614144E-002 -0.15019353037173552       0.20619116319211947     
 -0.13470627526166090        7.0385936393285747E-002 -0.13781031025577037       0.20516247768444820     
  -5.1285345971374283E-002  -9.2278450922984506E-002  0.12526824657358965       0.16382195462077381     
  -9.9999018002043402E-002  -8.3918294548521358E-002  -6.4079268473294856E-002  0.14542433224662918     
  0.14749099123534840      -0.15810728992061845      -0.14493388868584484       0.26030240050992420     
  -9.8322836210376643E-002  -9.1839824843950729E-002 -0.14856557285835267       0.20043368725478911     
  0.14319786037998136      -0.13522320892079998       -4.1460009807291275E-002  0.20127065325442664     
  -9.5311713878033943E-002  -6.7333319499722100E-002  -9.6773327828279507E-002  0.15160203064662267     
   4.7063350252834001E-002   7.9839075216555800E-003  0.22616405424644803       0.23114688219728502     
   2.1153120318559860E-003  -7.4796341519732260E-002  0.19223359978402429       0.20628311645806829     
  -6.1294526300705393E-002  -3.1017296956117921E-002 -0.20878671985777908       0.21979760247523764     
  -5.7030501009992407E-002  0.15266457390212729       0.11181923231906067       0.19764233070522338     
  -3.2841863469492846E-002 -0.16004287322472385        9.8028582989670293E-002  0.19053060738142971     
   8.7967080149654792E-002  -9.0427312367275400E-002  0.11818733814202308       0.17286860012483901     
 -0.17123364161268056       -7.8219787615840475E-002   1.1822408605928507E-002  0.18862413562387145     
  -1.6863421683404187E-002 -0.11689780108961648       0.11818263252941602       0.16708263082092892     
  0.12440026372106827       0.17163328563982547        3.1924560428067086E-002  0.21436554739957295     
  0.12650313575404190        5.6854234828601899E-002  0.12615628760996589       0.18748561618716195     
 -0.12957499720341639       0.13117183315562467        9.3287904774833633E-002  0.20663582189676316     
  0.12509847220735718       0.11690730548766318       -4.2257483434018320E-002  0.17635940783291673     
  -9.9462568707346641E-002   3.0445621153980196E-002 -0.11116017818952317       0.15223772080677603     
 -0.10262682070782461      -0.12353232499291661       0.13041232042664774       0.20688130163408724     
  0.19626112360109260        3.6328182461123529E-002  0.14373005935834085       0.24596035339307068     
 -0.12623174659694539       -1.0061959563417159E-002 -0.19796240945711882       0.23499960092995742     
 -0.17374346111499631      -0.12666637232170130        4.9619292763574798E-003  0.21507157157444509     
   7.5363928616358947E-002 -0.15352378827300664        7.8456982259195840E-002  0.18816156187544361     
   6.0587140112493595E-002 -0.15419238560258150        5.8537719830807376E-002  0.17570645397314300     
 -0.11630947850058898      -0.17473453555096322        6.1141698504503045E-002  0.21862836046429418     
  0.17217151170207048       -4.7483511969713094E-002  -3.7772921080592277E-002  0.18255001210001257     
   7.1139145047118352E-002   5.3014015754998325E-002  0.10636012288614159       0.13850537738608310     
 -0.15861572562077367        2.1916130046128218E-002  -1.6524108966184645E-002  0.16097301434566511     
  0.11255124429938980        9.8712735383717692E-002   7.5022108228356976E-002  0.16745239157236336     
  0.19336031908600587        6.8696037741098372E-003  -3.1106018450462080E-002  0.19596680544647291     
   8.2720692960406378E-002  0.16798268368106950       -8.1417755366164218E-002  0.20418066987207345     
   2.0996183594509693E-002 -0.19410367984778062        7.2282568451463552E-002  0.20818705040882010     
  -1.2087831373635317E-003  0.12742891904832315       0.13398572687732874       0.18491015540889960     
  0.13895167201564082      -0.12196215479323336      -0.10218035760306896       0.21124194620775932     
   1.8915221501299755E-002 -0.19160610989678106       -8.9360162041644084E-002  0.21226381112740217     
 -0.14968027649660942      -0.14681749948193148       -2.7768147559697914E-003  0.20968374764491732     
   7.9325000342830257E-002 -0.12433839483963945       -7.5496923102448182E-002  0.16568728831333160     
 -0.10159587278492505       -4.8770617354411981E-002 -0.10844520763797824       0.15639903306512276     
  0.16607503238345153       -4.7665254435401698E-002  -9.1281124192719346E-002  0.19541017500489249     
 -0.13566116469539014        7.3932923330941952E-002  0.15858629802534957       0.22140380005806970     
 -0.16892240708155698        3.8985905198178142E-003  -7.9529808273404185E-003  0.16915445168930232     
  -3.5980769294098602E-002 -0.14858523025464554      -0.18751064369915260       0.24193475961360272     
   1.7145289241916002E-002 -0.19001160095420344       -8.4799446108898918E-002  0.20878054387500877     
  -6.5512962580864999E-003 -0.21950304133452414      -0.12689431239001353       0.25362703159304884     
  0.14917324141775717       -9.6147908507068891E-002 -0.13010575944735234       0.22005586769440272     
   3.3409232519198535E-002  0.11682401667430400       0.13981925913204624       0.18523890766702936     
 -0.10329008159009333        1.0479833619832691E-002  0.11465443202708633       0.15467484168746148     
  -7.3002138432631414E-003  0.11583519897696519      -0.17229345596280754       0.20774051461329923     
  0.11999178050265462        3.1455417850024876E-002  0.19701562641278489       0.23281457804686315     
  -9.3409965228961944E-002  0.16298798794422067        9.8633702336091172E-002  0.21217707947538994     
  0.19394896682080237       -9.9367252321854824E-002   5.8361721385807148E-002  0.22560173556062560     
  0.12071694302153275       0.16639546449696105       -5.4580805227986079E-003  0.20564489193903351     
   6.2641855529307108E-002 -0.16803115103231331        7.0307529580290698E-002  0.19261780420584729     
  0.10092026615662864      -0.12539210150302640       -5.4999002663529903E-002  0.17009694157877445     
   1.9220503938025664E-002   6.8458869155225019E-002 -0.17938437348054889       0.19296320371162198     
  -8.8711467911132186E-002  0.14873863800789996       -9.1730263193136305E-002  0.19597792773900585     
  0.16279962032618667        9.3601288514261485E-002   6.0723438706013752E-002  0.19736325290733220     
 -0.21171085810043691        2.5138000367217719E-002 -0.10387238894481786       0.23715581309592454     
  0.10876434821108250        6.6262040325140006E-002 -0.13907271049705691       0.18857772995460065     
   9.6060335147966747E-002  -4.1041021878187194E-002 -0.18958992047972509       0.21646314100339120     
  -2.2593461343738953E-002  0.15090669346747490        8.0971415954249504E-002  0.17274161290903112     
  0.10278219817110733       -9.8007710788456548E-002   2.0046910190227186E-002  0.14342792699838325     
 -0.10034303664564709      -0.12114237003539986      -0.13916280964208350       0.21002496615531732     
  -8.1244667530910891E-002  -3.2448204710739378E-002  0.20619579787554715       0.22398725198700883     
  0.16458651748413169        6.2284748981426552E-002   8.6920133302237731E-002  0.19627333304988856     
   1.3567944958957993E-002 -0.18636172118864247       -6.2470581098573105E-002  0.19702120128959730     
 -0.17366715530043633      -0.11887358574480797        6.9755834526298258E-002  0.22171397490558503     
 -0.13196080604172730       0.13462450972298293        1.9768947610453686E-002  0.18954741949960902     
  0.13525174516614547      -0.11317672751912353      -0.13254809938773787       0.22061506039644602     
 -0.12309783774721141       -8.6891953302709796E-002  -1.3377935383986983E-003  0.15068204570668156     
   1.6429523881108528E-002  0.13609474512630193       0.10676070838290627       0.17375142520386114     
   8.5376248410363495E-002  -4.5255824216560089E-002 -0.14272422045875849       0.17235833755205629     
   6.5200838374954800E-002 -0.14940347557849956        7.6542600626032936E-002  0.18008697218379977     
  0.10936944267217996       -8.3168796447611798E-002 -0.12880378724422825       0.18833252321737731     
  0.13697355506474404      -0.11084171915036931      -0.17193731856758443       0.24619115135905031     
  0.13544924410244233      -0.15724579664894142        9.0889309775900456E-003  0.20773865061176902     
   7.2474109041786430E-002  0.16354020132317001       -3.1394932149179551E-002  0.18161369908372915     
 -0.10479810749982334       0.10020288840653761       -3.4040051598934178E-003  0.14503395958080348     
  0.20415992988501461        4.2585104697334786E-002  -1.8009723885315514E-002  0.20933016568847013     
  0.11380679490945500      -0.14722253766771476       -3.8232402965212083E-002  0.18996888903549128     
   8.1042690551647784E-002  0.18980439932158907        4.8197141920877221E-002  0.21193534906433273     
  0.15801854122998493       -2.5167965915090483E-002   7.2280756061370938E-002  0.17557845419515178     
   3.8842497695544834E-002 -0.19575210729572518        5.6922388773717594E-002  0.20752779447980396     
  -3.4165978608243552E-002 -0.13203514260299123        2.6003127907252725E-002  0.13884075639887639     
 -0.15464851658482279      -0.19219054314185929        7.9118530275762058E-002  0.25906198174963024     
   7.2826470681623644E-003  -6.0429656446639016E-002 -0.21635945225653175       0.22475807640065945     
  -5.1829356979877513E-002  -9.5016259336994230E-002  0.14454699272066657       0.18057742075888378     
   7.6577596129083034E-002 -0.15873498599457675      -0.11031012592935842       0.20791644449191207     
  -1.2196274955607614E-002  0.14387078902253694       -3.2612449157722372E-002  0.14802406864028952     
  -8.9960962994795265E-002 -0.16382100541329819       -9.1767448479181848E-002  0.20821037745019841     
  0.13780937650896657       -2.0425679094544534E-002 -0.12131906839138325       0.18473480715776477     
 -0.19365642926795160       -1.9010930952074248E-002  -3.1591672564511994E-002  0.19713513605621147     
 -0.12284532860824926       -7.5218924423770622E-002  0.17008499449411954       0.22288509753772756     
  -5.3906875943658429E-002  -9.5506074480565889E-002 -0.21622478467554218       0.24244694067914521     
   5.4563697398606927E-002 -0.15990212646907873       -4.6016371842832020E-003  0.16901793451558852     
  0.20962751879574806        2.8092559650268759E-002  -4.5929708942672613E-002  0.21643111307694241     
   8.6333598731217598E-002  -2.8650067975457744E-002  0.14728872877908533       0.17311350695494621     
  -9.1496961003532370E-002  -1.0574560138429915E-002  0.11297809524093626       0.14576544583430345     
  -3.3504497383910523E-002  0.15672448707571712       0.10846278298604230       0.19351819420192096     
  0.10359289209506244        2.4788555320120580E-002 -0.23327003672875204       0.25643882272953766     
   4.2407084419533808E-002  -6.8449509349488777E-002 -0.12713347037957914       0.15048792453185919     
  0.14895179710359754       -9.3254257304473856E-002   8.0097561473495907E-002  0.19312849018153888     
  0.13715365628290732       0.13890383541464774        1.3373656913887961E-002  0.19566362877121496     
  -9.6050112109588415E-002  0.12213044996068674       -2.6309575490973527E-002  0.15758700646430068     
   2.9514871568862122E-002   1.7323305643833060E-002 -0.20287166144211932       0.20573802657370360     
  0.18224503729439306        9.8432173393509750E-002  -5.3608295104541043E-002  0.21395325583271746     
  0.10539540188432578        3.1915352591539180E-002  0.17974884554587262       0.21079949702139894     
   5.6323549845058206E-003  -9.8551029692920886E-003  0.22521692343485730       0.22550279173143115     
   5.3307854040455854E-003  0.20832055803200647      -0.10484544513974757       0.23327760187883959     
   2.8449266941319371E-002   6.2586311709346865E-002 -0.16076413925976404       0.17484712086508827     
  -1.7250100239732911E-002  0.17489198281162374        6.4835721881669001E-002  0.18731909257195128     
  -2.2405344797725275E-002   1.7398212763507538E-002  0.15788091692910064       0.16040910576785475     
  0.12195642306854433       0.12994591285697513       -2.5809269077367251E-002  0.18007061883109718     
   7.5794379249961227E-002   6.8522931645893778E-002  0.16987090976160871       0.19823295909225438     
  -9.6162085274319201E-002 -0.18316114299872829       -2.5573634359991555E-002  0.20844462507650463     
  0.11868148187875202       0.15106082022166265       -2.7604649645565239E-003  0.19212570289734421     
   4.3089590741376492E-002  0.12707632690918644        5.1024642301432707E-002  0.14355702634486026     
   7.9584523507062691E-003 -0.12899751612763458       0.12911841574491476       0.18268897453156405     
  0.10766340105246927        5.2695085237927201E-002 -0.14965590640537577       0.19174219738083698     
  -8.4470566151984519E-002  0.19220775718682573        3.1583932020227308E-002  0.21231260732863907     
  0.11113485461673693       -5.8313047225641311E-002  0.20594106274431728       0.24117024839660872     
  0.14613837988645811       0.12028239623425542        1.9707322068740249E-002  0.19029624132602890     
 -0.21557090507045237       -6.0531853687080694E-002   1.4813287789905701E-002  0.22439775827497632     
 -0.12563212579871222        4.9181764124877285E-002 -0.22960569207581161       0.26631006512850947     
  -1.6808785154575231E-002  -8.6650881844281005E-002  0.18360566446667231       0.20372027539499468     
 -0.12968923071408697       -8.6047352341558192E-002   4.6583209547215627E-002  0.16246057620211662     
 -0.18370299697373105        2.1856805151276224E-002   6.0417006037408294E-002  0.19461429969834107     
  0.10786161030477485      -0.20429056853868136        8.2790331600201411E-002  0.24540375379742685     
  -4.6201659234727799E-002  -1.4565966838892525E-002  0.21240827688461805       0.21786242630404673     
  0.11094399437385578        2.8647206753256181E-002   9.4256971113037297E-002  0.14836983839646756     
  0.17369298967750876       0.18223243093828145       -3.6523591199902908E-002  0.25438531062725361     
  0.14488839555104846      -0.13140755879958982       0.16153355400479530       0.25368027661693537     
 -0.16955658153325043        4.4236233499925455E-002  -5.4537227446731111E-002  0.18352271759397581     
   2.2480834693344234E-002   7.1188101921411354E-002  0.22401489915628997       0.23612667961855874     
   4.5759812545781715E-002   4.9356943182882723E-002  0.16893135182639960       0.18184573108675989     
   4.7039059743673096E-002 -0.13376429724389460      -0.10284386928583918       0.17516398547762213     
  -9.3076088458981993E-002   7.8892538702180381E-002  -5.8645323443306301E-002  0.13537527421013515     
 -0.13842332047853778       -7.5387555241750628E-002  -6.4928277096160725E-002  0.17046988093005699     
   3.2549902111042972E-002  0.14372938018233178       0.10023561861728403       0.17822685009455047     
  0.15966335018192360       -2.5251238177311165E-002   4.5055421679077487E-002  0.16780942000818175     
  -5.5146004470486051E-002   7.4073592643759983E-002   9.4713930385720457E-002  0.13228268044352468     
  -8.6324937838827831E-002   8.5809985591323024E-002  0.12420338398461024       0.17390178007510185     
   4.6967814532704419E-002  0.19497273957007696      -0.15647926186633856       0.25437394554410192     
   4.5867884072102044E-002 -0.23194529364113647       -4.0663249740514829E-002  0.23990827812100252     
 -0.10946152178876754      -0.10378517906642230        8.1404424732115274E-002  0.17140556733119491     
   5.7137309925501069E-002   9.0196673019051127E-002 -0.19522463290273656       0.22251464963286494     
 -0.13877141333442269      -0.14640125121586670       -8.1558101091422447E-002  0.21758344461388412     
  -1.2881462696302717E-002   1.9076229811185470E-002 -0.17503770173622987       0.17654470157471949     
   2.9639703030027137E-002 -0.17698439907521515      -0.11224413305085498       0.21166184095405874     
  -2.0610974687167008E-002 -0.15643584674156372       -8.4758385448636051E-002  0.17911161416045751     
 -0.10940262327096052       0.12864512403930611       -4.5114194266353304E-002  0.17479643143370643     
   1.5328402713151109E-002  0.14013198274503399       -6.3609047213791237E-002  0.15465459387046143     
 -0.17123162969528491       -1.4706522185628627E-002   4.2570126600929223E-002  0.17705583436226749     
   2.1214222366753018E-002 -0.16924588495995857       -5.4014877015167724E-002  0.17891847234276639     
  -5.3056363843700244E-002 -0.10356364366269954       0.21231068684184415       0.24210789698038626     
  0.14657893777567413        1.6749513108305494E-002   6.7598953207994888E-002  0.16228231469764945     
   5.3543812512120481E-002  0.18247503753991803        2.5390420811353891E-002  0.19185607275378394     
 -0.11465510344925335      -0.15217226909774295        7.1155686446688016E-002  0.20338466988201021     
  -6.1771308240819774E-003 -0.10500208148576805      -0.10969749835870594       0.15197741676880810     
   2.7935074662476342E-002 -0.14186578319689508        1.5386792298568663E-002  0.14540640362688934     
  -4.9884183540672040E-002  0.11221454962764728        1.3069456484837835E-002  0.12349634653893303     
 -0.12426634902407349       0.15901941496625782       -1.4030080879023910E-002  0.20230210825756539     
  -4.9014750937593249E-002   9.1703468232647890E-004  0.16534734674465867       0.17246168222994138     
  -1.1475869431237400E-002  0.13376222397610180      -0.15524316932014270       0.20524246578814562     
 -0.11665334372849145        5.2928191474531532E-002  0.10723331830923698       0.16705801570536022     
 -0.21359406828878627        5.8129151187438825E-002 -0.12548567999116597       0.25445644049379479     
 -0.11441228188853231       0.11984347572458179       -2.4100489333993145E-002  0.16743196381464120     
 -0.12876092300747052       -4.1291567292912057E-002  -6.0981109199767361E-002  0.14833429981792742     
   2.4226587976396579E-002 -0.16098826776426767       -9.6565056224689350E-003  0.16308708723732360     
   4.3125447150818591E-002 -0.13432489991153426      -0.14219337173804203       0.20030461276374731     
  -5.0720072634983154E-002  0.13362702995317291       -4.8240206954100924E-002  0.15085034461073871     
 -0.11288681118742218       0.16063359021764620       -7.3617212141387417E-002  0.20968089176113647     
  -1.1587510569615721E-003  -3.7837956638846072E-002  0.14890119693383899       0.15363795141482819     
  0.17760203252959850       -2.8864827331272269E-002   4.9955288419671826E-002  0.18673829563483044     
 -0.18834798849471154       0.11779813123445840      -0.11635608941460754       0.25077899440781481     
  0.17056538758331344       -5.7473503025072106E-002 -0.11104964097340700       0.21148942704480878     
  -8.8635678803659787E-002 -0.17891065950003188       -5.1215223092317630E-002  0.20612691895072258     
  -5.8996757630961939E-002 -0.23320297762884354       -6.5523430127714721E-002  0.24931419149664721     
 -0.12744639765736165        1.4277719834475549E-002 -0.12649792286188194       0.18013373378654196     
 -0.12791069313363049      -0.11346773608696792        7.7478508285307252E-002  0.18772051511953619     
  -3.2272308414095223E-002  0.21188637638556215        3.1636944329555237E-002  0.21665233586252877     
  0.10922085032108739        7.6034123294254574E-002  0.10754251125761677       0.17110164750107437     
  0.10511681464922340       -2.1933525736654774E-002  0.12702704705636872       0.16633248316880439     
   7.4316639368168874E-002   7.6312114014714036E-002   6.9264417592428379E-002  0.12705928213551140     
   8.8532806171614572E-003  -6.4189104255821597E-002  0.21817067545640365       0.22758968630400270     
  -7.9109488322870194E-002  0.12266949239871726       0.13959995011758891       0.20197589356380774     
   9.0434420090326248E-002   5.5595718106943574E-002  0.13479679837150066       0.17157926757072761     
  0.10546781707309913      -0.19130440404126883      -0.14173118710281413       0.26040077734392930     
 -0.18772419847902838        4.0813111367722837E-002  -5.5798878976034562E-002  0.20004899312190985     
   3.9127964867466412E-002  0.11145963296934414       0.10688354375652032       0.15930580448396281     
  0.14659045465843007      -0.12447768753942842       -8.3554438358510993E-002  0.20967784876217857     
  -4.5041594010963963E-002  -4.6493273570614148E-002  -8.8346194976345938E-002  0.10952360405482923     
 -0.17440746588374234      -0.13296083082086049        2.0611122878447644E-002  0.22027565701836577     
   4.5738395979492523E-002   3.4332258178911002E-004 -0.13789766482671206       0.14528552819132484     
  0.18244895191718744       -7.5106665686246590E-002  -1.2317119518831698E-002  0.19768748751356766     
  0.16788574410979867        3.7024041854373420E-003  -6.6373206806182878E-003  0.16805768324557646     
  -9.2786375466896928E-002 -0.16414446531227722       -8.8627872594902207E-002  0.20834494658051000     
  -4.1274556486407453E-002 -0.15742233085213436       0.14431579761642332       0.21751420345745917     
   6.4247596563821979E-002  -5.4010323171763588E-002   7.8401392113318077E-002  0.11485489523155827     
 -0.18546596776697322      -0.10233961662943643        8.8774193573931307E-002  0.22967777379690399     
  -9.2843371299640820E-002  -4.3078230597305110E-002 -0.15961316610412737       0.18961009556313535     
  -7.8414683654693076E-002 -0.15470979145761452       -4.4328871368672550E-002  0.17902243161778492     
   2.8901216985825658E-002  -9.2827346121505144E-002  0.12418098396561171       0.15771212163271092     
 -0.14835006171340484       -5.9435453627764987E-003   9.6234287480432126E-002  0.17692966011586883     
   2.7728745000621504E-003  -7.1694219654519623E-002 -0.15893504608514678       0.17437918120851276     
  -5.0155695005566513E-002  0.11972605232265902       0.11617498593881075       0.17420260820131933     
  -5.9220431111165567E-002  0.13261339722473497       -1.4545428683972099E-002  0.14596212549863122     
 -0.12026499266751059      -0.10502860513343924       0.13019626192440775       0.20602364664445988     
   4.8545923802135002E-002  0.18461451742505716       -3.6928874294378564E-002  0.19442985500827656     
 -0.11563447348408046      -0.16196654707650204       -2.1727056862400488E-003  0.19902063832634112     
   9.9258415278543705E-002   7.1361322382746450E-002  0.12955749416997500       0.17812864910346457     
  -4.2794910355113446E-003   1.5358464104524509E-002  0.19343111889309880       0.19408707896047361     
  -6.5959038136008424E-002  0.21699097339635912       -1.1492287929753065E-002  0.22708533622668636     
 -0.12680937790854385       0.14627021147266622        6.1923740815440088E-002  0.20324896744236656     
  -5.3079796569624985E-002   3.7249550638768253E-002  0.17093008989333128       0.18281709290327652     
  0.13125693942886668       -1.4745995576557478E-002  -7.0763126925126207E-002  0.14984408118440498     
   6.1216064100720086E-002   6.6710438780257120E-002 -0.15143649675878082       0.17643894608847033     
 -0.14235135068235591       0.16870352561025870       -4.3061203940401971E-002  0.22489787433237152     
   5.1794940840703171E-002 -0.19078462331770238       0.13121513356187667       0.23727389166705776     
   2.4329372095882172E-002 -0.18502156545486909       -6.4767973248954933E-002  0.19753427142834643     
  -7.5710855903607710E-002  0.15534659918899421      -0.16088838347354853       0.23611389522426349     
  -1.2729101642103145E-002  0.10624514268895210      -0.17944705907682015       0.20892895295992503     
   6.6767759378905944E-002  0.16493328752800523        2.8831359771356115E-002  0.18025584687754376     
  -3.4760201809466075E-002  0.14560004051598902       0.11325427182058406       0.18770768101945959     
  -8.2592109243190354E-002  -8.8429798863716491E-002  0.15469558886044529       0.19639758412260669     
  0.13166758188380809       -3.5238363827948128E-002   4.8712552274417759E-002  0.14474462737348157     
  -5.4241387398994076E-002 -0.10330942093786041       0.15132262142377573       0.19108506042086895     
  -2.0523888618587827E-002 -0.11556248379881079       0.15022708487095895       0.19064127227493241     
  -8.2376140726279107E-002 -0.16892302204296580       -4.2383356760457611E-002  0.19265815546549872     
   4.8743958442512322E-002  -4.0729818790753700E-002  0.15498690425383252       0.16749875257314500     
  -8.3466578084568199E-002   4.5254389956733629E-002  0.15861361453952325       0.18485915769795094     
   4.6627565924885053E-002  0.14322745034404513       0.12593021603868157       0.19633301237358028     
  -1.1343554491313131E-002 -0.13869461755445991       0.13237039257373293       0.19205935019467149     
 -0.11265649761199020      -0.16330622811986706        2.7805927809547507E-002  0.20033367220287301     
  -8.6480768258520285E-003  -9.7958413133691150E-002  0.16319712294228433       0.19053593066163615     
   4.3711256468314072E-002   1.3670396384124896E-002  0.13691822930337072       0.14437505045854782     
 -0.14355769178165104       -4.3327105953046820E-002  -6.0251443232913447E-003  0.15007448598632131     
 -0.17924366285403448       0.10438562017281709       -5.4310819388002862E-002  0.21441621551270482     
 -0.12661828705382316       0.17860616975364238       -3.5882588446424585E-002  0.22185561666121226     
 -0.11370998039369243       0.11171071225971130      -0.18645253844636395       0.24530346913119422     
   9.0353132472069095E-002  -1.6724277525816143E-002  0.14428273184838036       0.17105816763869364     
  -4.2249723180860135E-002 -0.21589407022821708        9.6896975574702934E-002  0.24038367778218683     
  0.14142830298163583       -5.0841584099416755E-002  0.16501467362466865       0.22319649206351647     
   5.1023168533186197E-002  -5.3383581553497289E-002 -0.20121073044589805       0.21433368506423964     
  0.16411911751716721        5.8215279681811734E-002  0.14134023747086169       0.22427921493389635     
  0.17093719501183138        1.7089103650671136E-002  -5.6985567287547258E-002  0.18099424571289505     
  0.18697874026200720       -2.6280365729085091E-002  -1.0138464736937842E-002  0.18908859140636633     
  -5.2860868590612689E-005  0.16868640090211356        4.0016055385106941E-002  0.17336778631615490     
  0.21356510524714922       -1.4640126646665409E-002   8.4309864246198407E-002  0.23007072976949661     
  -2.2066410796502900E-002   6.0686107865133732E-002 -0.22347313591232168       0.23261550388515739     
   6.3877304369781368E-002   8.1623898984625853E-002 -0.16837090049096318       0.19771578346490176     
   3.1283870840926320E-002  -8.7784048696911463E-002  0.18277547806599734       0.20516236292913806     
  -1.2648740189113489E-002 -0.24918021785542005       -7.2322061919134581E-002  0.25977153854701140     
   7.4575845080694231E-002  -8.9993384650534719E-002  -9.0853616641597981E-002  0.14803629827585280     
  0.15066121103913477        9.8848986019399052E-002  -5.2627616436157383E-003  0.18027096052598035     
  0.11961260200649257        2.4867780419332724E-002  0.18024869507390184       0.21775025404713580     
   8.5897184118722172E-002  0.18576422154140002       -1.5020319750129033E-003  0.20466784882941913     
 -0.12567860986630253      -0.20756787664841811       -6.1401350705336200E-002  0.25029914554927846     
  -4.5724164688548452E-002  0.20078713828806946        6.5619442593725250E-002  0.21612978828631890     
  -3.0091690006297392E-003  0.15864313961734364       -9.0456920198852334E-002  0.18264488839708568     
  -3.4590799222693647E-002  -1.5270038057031931E-002  0.20021408756660714       0.20375322896400178     
  0.12104460516790536        2.7919203969943539E-003  0.15211838812236123       0.19442118008257891     
 -0.13796364016207385       0.13113127499794899      -0.10284942744595894       0.21635013754402721     
  0.14400462355133425       -9.7292476392681057E-002   6.0220974131306448E-003  0.17389486255791206     
  -1.5781999857091975E-002   9.9060650707331263E-002  -8.1669179626874783E-002  0.12935199626977498     
  0.18033183127514626       0.17876759219147501        2.5769939182758096E-002  0.25522835100056651     
  0.14946028792351454      -0.10484753356456758       -7.5778150914676878E-002  0.19767071385716331     
  0.16416529605757452        7.9981364752121004E-002  -8.1475178483273097E-002  0.19996366631506865     
  -1.0798956444454390E-002  0.14072632405445284       -7.4198509174392474E-003  0.14133495650335454     
   6.2269901432550961E-003  0.20439407492491118       0.12420039759541075       0.23925185899698359     
  -9.3332220550010378E-002  -7.1914494181763475E-002 -0.12274902597040437       0.17014676383316163     
   6.3397345761122062E-002 -0.16633923322683597       -4.9491438830613910E-002  0.18476300083504649     
 -0.19030544747225206       -5.4188935919011687E-002  -7.4849623205185581E-002  0.21155394160262556     
   5.1270658897087124E-002 -0.15043124128885357       -5.3181081511390622E-002  0.16759017348928285     
 -0.15438645413662350       -3.3691275670229365E-002   4.6280508466569725E-002  0.16465771995594794     
  -1.9616167072386875E-002 -0.13066412875705574        2.2565112163322404E-003  0.13214764620424257     
   6.7814426192047209E-002  0.10426613332991955      -0.17154386647160172       0.21189035155796004     
   7.6118668501703984E-002 -0.15354938623739095       0.18845471795318391       0.25472857402962445     
  -8.3128719161508463E-002 -0.14659315488699287        9.5098590353368415E-002  0.19350369220341146     
 -0.16375087309884048       -9.2313057497203019E-002   2.5460487239648374E-002  0.18969524357662418     
   1.4332007552556526E-002  -9.4382485352109538E-002  0.18846567010953391       0.21126468893680120     
  0.11270763607968200        7.5455242924409973E-003 -0.16010897848206482       0.19594599041084804     
   6.5160857148680501E-002   9.4581898836414713E-002  -7.5081615952954733E-002  0.13721851896139792     
  0.11887875967460997        1.5577948601010527E-002  0.13029845740224130       0.17706642817257337     
  0.17510595056824574       -7.2795268454191708E-002  0.11295196977480139       0.22072469845881409     
  -9.7987689622595450E-002  -8.3597410670590233E-002  0.18375708957498130       0.22440316922331804     
   2.6535917543217644E-002  0.14672629884988933       -2.5231462097079490E-002  0.15122628202003727     
   4.7094207883845038E-002 -0.21308946846261584       -7.5414838195706546E-002  0.23089474616363961     
  -5.4500543274350895E-002  0.10603461722186910       -9.1102889227889547E-002  0.15004461233998642     
  0.18148771627265919        9.4014042028096295E-002   2.4129556941357110E-002  0.20581221240371547     
 -0.15508358173057826        5.9612239822652693E-002  -4.8243491986782530E-002  0.17300858642893177     
  -3.8253803957168701E-002  0.13831154624640352       -1.6407578486906448E-002  0.14443907357106839     
 -0.18663090822505829       -9.5911295852998957E-002  -1.0121888707840757E-002  0.21007742669817131     
  0.21019036951522879       -8.9803564416021747E-002  -6.6197928120071501E-003  0.22866677344040365     
  0.17217873621440305       0.17608586955413591       -3.8513636060361241E-002  0.24926903302178374     
  0.10920586404268884       0.11915203587885395        4.2826884807851309E-002  0.16720427762988274     
  0.17201261067328086        8.3539351697425913E-003  -7.3016650818227238E-002  0.18705495919693996     
  -4.3867451657311866E-003  0.19991434198541799       -8.1247558179692494E-002  0.21583825744008925     
  -5.0712308525363521E-002 -0.15686030197260975        5.1656855693325836E-002  0.17275799058518557     
  -6.8396133429241876E-002  0.15127505245493134       -9.1186379559739267E-002  0.18941258770347263     
   1.2866094609437580E-002  -5.9174710051032461E-002  0.16218921761578414       0.17312574912745632     
   1.0593253513524114E-002   6.8001472103994834E-002 -0.14178717690467763       0.15760717230795851     
  0.11448291094015257        6.6389819829759250E-002  -4.7553812621531091E-002  0.14062471393465123     
   3.0462858544863424E-002  -6.4105982952191665E-002 -0.17181737969629174       0.18589990523583041     
 -0.13090531158928806      -0.11977672741258079       -3.4294524891264506E-002  0.18071740223197610     
  0.15629636933430946       -1.7614384099368517E-002 -0.15445711309104312       0.22044459934120919     
 -0.11607054259705731       0.17211201211388641        2.7697159170462426E-003  0.20761162515361950     
   4.1310038907848678E-002 -0.13657616573558987        9.5348787919426942E-002  0.17161281921612714     
  -8.1560422052046971E-002  -8.3923075228919078E-002  0.21370065185497419       0.24364554911680147     
 -0.15368502021821881        3.1850216592628378E-002  -2.7128011397475695E-002  0.15927790411370069     
   8.6730015346252992E-002  -4.9391090248101892E-002 -0.11897214113209396       0.15529309618721726     
  -6.5705421370974584E-002 -0.11331318389853261       0.14071142072726617       0.19224147306407560     
  0.10977163088701908       0.14640103725413234        4.6622138373780906E-003  0.18304319406781352     
   4.9272046258214311E-002  0.13293831369379924        1.0548038697612816E-002  0.14216747486886344     
  0.13489273511946401        7.4836536867635148E-003   6.0647062403554164E-002  0.14808822113420730     
  0.12911870068835038        9.1004665954158501E-003 -0.11559432135800830       0.17354107435970478     
  -5.1257165573237590E-002  0.18455324322787148        9.7552250791708151E-002  0.21495031575472623     
   2.9745846657846818E-002 -0.21070631287523886        8.5560740306075314E-002  0.22935258001730402     
 -0.10887623561280282       -9.4801887703399229E-002  -8.0886195718165591E-002  0.16548114469962993     
 -0.15329744127507680        7.7364011986463324E-003   6.3976835674855237E-002  0.16629189068610492     
  -7.0636674971454053E-002 -0.18197171064936457       0.11491580370812994       0.22651464692060061     
   1.5001996464741263E-002 -0.12319633250576324       -5.8307933927133931E-002  0.13712115591567081     
  0.11625659814512518       0.13532930997710188       -1.4810342728850560E-002  0.17902224722894544     
  0.10818406914174664       0.12791052325895499        6.8292805750681029E-002  0.18091103364291006     
  -8.9607023893122001E-002  -2.3531331432104698E-002  0.16708393380681474       0.19105021126999611     
   9.1174676802451379E-002   5.3617835167554563E-002 -0.18071223020664848       0.20939103152796978     
  -5.6750840780567580E-002   6.1438865689518125E-002 -0.21026224574263119       0.22628655313838383     
   3.5069449266058365E-002  -2.2900829023982912E-003 -0.13509300056184981       0.13958950373265339     
 -0.16349774841885087        5.1284411576013010E-002   1.0508357240273316E-002  0.17167419777188694     
  0.14483172994257820       0.11467879087866953        3.9832839146455933E-002  0.18898177200465910     
 -0.12467841886972347       0.11212785012917523       -2.8807510897866033E-002  0.17013887148613532     
  -7.0502167989727166E-002 -0.19005891913014972       -3.5154227110467215E-002  0.20573956380800174     
   9.0555699251061605E-002 -0.14052147843061580       0.14946725812508890       0.22424781340875255     
 -0.10009189237685118       -6.8053776798852023E-002 -0.12737161154385077       0.17570779972284881     
  0.14183669685148725      -0.14267806065808408        7.8758435019678497E-003  0.20133729529761771     
   8.9128898519422559E-002  0.13772683974366035       -3.2900531790683106E-002  0.16731732704406668     
 -0.12095654670928857        8.8911661820419118E-003  0.13626964986812537       0.18242520797053918     
   7.7803067232849563E-002  -9.5121164145333559E-002  0.12126291004587962       0.17264427732189067     
  -7.2936935514581247E-002   2.6683558861321049E-002 -0.17021663917131585       0.18709760320897142     
  -4.8290565589725262E-002  -2.1354503184135818E-002  0.12900626108602412       0.13939371912181783     
 -0.16560148793417195      -0.13004983491975847       -2.9687111803182653E-003  0.21058401082404207     
  0.12849288966156219        2.2557485119652582E-002 -0.11986929827243110       0.17716633849810973     
  -2.7231282533731267E-002 -0.14656020715294252       -7.0437974899442576E-002  0.16487251249701942     
  -9.3473113645305972E-002  -9.4727044700966073E-002  0.16964857637032751       0.21561789220008148     
  -8.3700428503852078E-002  0.17191893632166266       -3.6519301528991403E-002  0.19466777283840730     
 -0.23888859504968643       -6.1221007095454624E-005  -2.9294122360537966E-002  0.24067802184183529     
   5.1300767120369684E-003  0.15762004930322646       -3.9144380264145920E-002  0.16248901543084990     
  -9.9099418859172089E-002  -6.6738671758013984E-002   9.9206689965817926E-002  0.15529556484402085     
 -0.10429139928814667        9.1700816255608858E-002  0.18312398540291125       0.22982630331898529     
  0.15533134579771676       -9.4334367088512713E-002  -2.9451408935331238E-002  0.18410373513211575     
 -0.18400561375862948       0.18154011744838003       -7.8947047357686484E-002  0.27027304050600082     
  0.21482553956132600       -3.3902776683950947E-002 -0.10551700069590632       0.24172970059667176     
  -2.0862721918492699E-002  0.19265140833411376        9.2180344761706140E-002  0.21458572706345777     
  0.14705364720942254      -0.12791796017421489       -1.5913291976497993E-002  0.19555309395214029     
 -0.15631260208502157       -5.9665501389864900E-002   1.0148631072745429E-002  0.16762039356637054     
 -0.13505696912256770        6.5837605387664144E-002   9.0931451767706298E-002  0.17562318785496034     
  -6.9714373086147099E-002  -5.0298417691181069E-002 -0.17820024077273947       0.19785183963889075     
  0.17824350265861597      -0.11313723544531568       -1.2221201835866407E-002  0.21147136463014043     
   7.4882102193696204E-002  -3.5542960442368259E-002 -0.19198077232179053       0.20911061237351417     
   7.5615385072977642E-004 -0.11953206980434333       0.13225952249843659       0.17827245657103297     
   9.9297103736029874E-002  0.12641123303962118        6.1595540411162386E-002  0.17214448944855723     
 -0.15094828781144454        3.1610521119073635E-002   5.9386412667041377E-003  0.15433689804684003     
   3.5486596117178026E-002 -0.24553502191286983      -0.10845475949600786       0.27075668107559986     
 -0.13582342608401449       0.12735001480499217      -0.14074642070950566       0.23340005202777619     
   5.7088760869642062E-002  -6.8371871156159419E-002 -0.25013129741148760       0.26551742942371920     
  -8.5667573428602012E-002  -1.5055072983952384E-002 -0.15754404244115441       0.17996031137002769     
 -0.12898739950343324      -0.14004562622192623       0.14780715971864841       0.24103419491566710     
   7.2455560955165282E-002 -0.21376143854903898       -3.9093290032919822E-002  0.22906777654109325     
   7.4732389963676676E-002 -0.18833252789343896        8.0851437777312754E-002  0.21815367556627296     
  0.13632089517433343        8.3743820408600206E-002  0.15135728525107550       0.22023950988942681     
   7.8491826649269986E-003   6.6531811743534508E-002  0.20805066001669362       0.21857074089586270     
  0.18746768699324817        3.8869791224980226E-003  -9.5005395718333857E-002  0.21020291979155384     
   7.2354771675532600E-002   4.9577976697897881E-002  0.19004785876292990       0.20931167520721417     
  0.11022273334366596       -8.3827528319169356E-002   8.9198308993530040E-002  0.16471928781158354     
   4.4280213925912387E-002 -0.21979813398235867        2.7813707376777533E-002  0.22593264342607172     
  -6.3477421588443633E-002   5.0001777613384479E-002 -0.10261823992351769       0.13061417986197366     
  0.17218222924472801        4.6388378101076141E-002 -0.19227081332673684       0.26223399350171472     
 -0.19625779381595343        8.6806956609930777E-002   6.9946917645092740E-002  0.22571030246187940     
  -7.0002381854844586E-002   4.2797674318374487E-002  0.23944420805134981       0.25311164169542105     
  0.14397491054809375       0.11114017504209864       -2.1631362679129622E-002  0.18316339488848737     
  -2.2683309195241384E-002  -2.6914552512730415E-002  0.10451511040050962       0.11028297218989956     
  0.22953035448824982        1.1283033075130603E-002   1.3055144825037978E-002  0.23017803386352667     
   3.8394704228868017E-002  0.15885485211241324        4.2701333094957147E-002  0.16891542617702335     
   3.9212949819059775E-002  0.19338798532090984        5.7502385502923595E-002  0.20553124492037550     
   3.3992311819725500E-002  0.20145311763298770        2.0952411500384883E-002  0.20537244073775160     
   2.9676630163544611E-002 -0.16657237059653060       -1.6674205332241270E-002  0.17001495859915822     
 -0.11172425186787774        9.4706987519960067E-002  0.15760239960614178       0.21515166348916956     
   3.4411112592934029E-002  0.14968917439501339        8.6052792556536042E-002  0.17605697006288204     
 -0.17113849429342684        8.1892522056512720E-002   8.7664267991408806E-002  0.20899711309074884     
   6.4232545113282663E-002   6.4198033777015870E-002  0.16766156628305182       0.19067671121836285     
  -8.1450514931742171E-002  -2.6106622734399690E-002 -0.17827301879704707       0.19772964209812988     
  -2.6657715685069930E-002  0.12650675865546010       -6.4517401755931666E-002  0.14448906159427136     
  0.10883912559001986      -0.18507965635779783       0.15182615076291212       0.26296694566466555     
  0.16477764135046274       -1.1573727081689109E-003   5.1451361213586740E-002  0.17262749830585603     
  -2.8889205071011590E-002  0.20054653050153615       -2.1281029436532060E-002  0.20373114459924155     
  0.15132095427235592       0.12827823062567190        2.4743668168633097E-002  0.19991394340762958     
   7.7554220224082718E-002  -8.9627346646780404E-002  0.17133809361607552       0.20833737222471324     
  -8.8178356771808616E-002  0.15819914754640066       -2.3170637485474550E-002  0.18259044698140015     
 -0.11749206710629140       -4.4894305328310270E-002  0.11847293038699536       0.17278807747730363     
  -8.5352822161360961E-002   9.2403079951264455E-002  0.17634132910440412       0.21660955146460287     
  -6.8542131791588953E-002 -0.13438413191396603      -0.14703032587387097       0.21065382851347009     
 -0.14722205436615873       -9.4994835185627860E-002  -6.6053558385445160E-002  0.18724696146831385     
  -5.7944682739162111E-002   6.3716230963036628E-003 -0.19201878934759095       0.20067236805583877     
   2.8983692696130509E-002 -0.14255261564071195       -4.4323199732104565E-002  0.15207185374948357     
  -4.7443401713493476E-002  -5.7717791211087784E-002 -0.22533179184408611       0.23739552692521648     
  0.14663413272750472      -0.17072025749798694       -1.2855404880553395E-002  0.22541569740275275     
 -0.17181390805076399      -0.11416993067753520       -6.4589506301368241E-002  0.21616335580954527     
  0.19588230382470775       -4.5932880354248834E-002  -9.2523079108338332E-002  0.22145028023689806     
  -5.7325506296663359E-002 -0.10799122008981447      -0.14988128268765069       0.19342367018736617     
 -0.19500165140724693       -6.1503127355272739E-002  -5.2269877497216129E-002  0.21104601114355687     
  -3.3363991445497843E-002 -0.15242362659881203       0.10250617177972883       0.18669127757783599     
  0.13572192632187810       0.11799633882076536      -0.11383903605596074       0.21284478708621571     
   8.1583244682097392E-002  -5.3735455057117222E-002  0.13976008005596707       0.17051746221517833     
  0.20518191433175123       -6.3415310166895125E-002   1.7766995211427744E-002  0.21549196191795300     
