  -2.3106876187838454E-003  -6.7570850978277764E-004   4.1188851559552453E-003   4.7708567563638175E-003
   4.0447650427425947E-004   2.4001262964901721E-003   2.1134767296917363E-003   3.2235060677098205E-003
  -1.2869065040602560E-003  -2.4066694123293991E-003   4.6345503395347684E-004   2.7682081892320422E-003
  -9.5506202866246076E-004  -1.3088142460828273E-004  -5.3148184932734520E-004   1.1007935238112384E-003
   5.5585866484353472E-002   2.6375670641603659E-002  -4.6724668627378035E-002   7.7257098139582023E-002
 -0.17086226795334833       -4.2421373580809420E-002  0.10116927186251846       0.20304853881729013     
  -6.5875804565490900E-002 -0.16904788272407870      -0.16024367325412658       0.24206371702223342     
   6.8915015850339698E-002  0.12984397569266898       0.25179592441754334       0.29156461545704782     
  0.37494562009021321       0.20997962517618829       -5.4976075931466112E-002  0.43324130682425627     
 -0.12320645994043704       0.37612504910473310       -9.0808440197149162E-002  0.40607395526693363     
  -6.1634898005434348E-002 -0.20839253828213200      -0.41169712659575480       0.46553285030275909     
 -0.10406886872220253      -0.14023685499557692      -0.34016440829656192       0.38237223958849259     
  0.12561715607247320       0.25151835427452723      -0.27227639125226089       0.39137652672338047     
  0.36978119154099787       0.17296728016404095      -0.25842013583560786       0.48315295324578122     
  0.40783792541202274       0.14005454078233034       -7.0494219828202836E-002  0.43693990757004453     
 -0.22065181044979076      -0.13095100830887563       0.30757558272076124       0.40054728449697102     
 -0.25519634799304702      -0.27875082338540164      -0.21959594630128176       0.43709218386855553     
 -0.34433631371731260      -0.13746323563350149       0.18935809102898929       0.41631733657560083     
  0.34904282054171515       0.13780104340809118       0.33750930694092551       0.50471036288926985     
  0.13451569672959240      -0.24615884592222731      -0.33982234858672133       0.44064484416750604     
   7.9404899697696513E-002   2.2474899330322942E-002 -0.47455143639587249       0.48167346302375347     
 -0.12463506625004282       0.25037365279586915       0.42583329136031201       0.50946526651407298     
 -0.29067068564368664        4.0807600691513291E-002  0.30151939283127099       0.42079526140405527     
 -0.23594744427765879      -0.34247835365578577       0.14232146120116129       0.43956571465751287     
 -0.39816581342404339        8.0135752270399416E-002  0.25029040342852932       0.47707760356150541     
  0.21836411530349342      -0.24626686148783491       0.24716398659028557       0.41160696080915432     
  -7.5961650637436956E-002  0.11823588412571881       0.37332973739713005       0.39890473735914012     
 -0.42392228467288040      -0.14769141720272755       0.11876526021284042       0.46435766946508861     
 -0.12829597676369597       -2.5270337287798227E-003  0.40965920265598849       0.42928650791046002     
 -0.24587130974070392      -0.36488701896947018       0.10652501778597623       0.45270610442133224     
 -0.22728837361444360      -0.34341637884005377       0.18481699246401823       0.45138911677106169     
  0.13851306141431430       0.37657720825064156       0.23121033560591320       0.46309230316127220     
 -0.13630709581754349      -0.18878911081747787      -0.43375575571999003       0.49230580775945204     
   6.7065037974920361E-002 -0.45657039784500014       0.14091682320148999       0.48250574977726352     
 -0.23255388607031818      -0.26427154196948366       0.16952377209815342       0.39071609530159079     
  0.30354388288747269      -0.28742310066857785        1.2845907338751163E-002  0.41822953622586123     
  0.19793269847203609       -8.4270998887503112E-002  0.38328369360626413       0.43952854760797966     
   8.5567450922483052E-002 -0.18419449990843284       0.38954714539152685       0.43931353375075594     
   1.8620642285379005E-002 -0.23402930881554648      -0.37792616489788977       0.44490968950813986     
 -0.27700041558198091      -0.18530740089348999      -0.20431134661284223       0.39091071795647109     
 -0.13496237325585470      -0.17685583410058098      -0.30355332060230561       0.37634750789523108     
  0.29182762718866845        3.3704050839581765E-002 -0.27941711110193990       0.40542970908669163     
 -0.42768160113888720       -4.4161946487143722E-002 -0.17695912510745168       0.46494769751989340     
  0.43492829548325707        1.5960798410523759E-002  -3.3492864901595039E-002  0.43650789373983745     
   8.0931068380317883E-002 -0.42587192936698737      -0.13192134048802487       0.45312247585845639     
  0.14345497758717982       -3.0063364201529427E-002 -0.41869038730141894       0.44360430214354807     
 -0.39079377838463292      -0.18541428214715824      -0.13726781109134506       0.45380688096380029     
  0.25649769253395438        5.6841284956009500E-002 -0.33195474576677197       0.42333904992071719     
 -0.23817873356836669       0.16382514808824694       0.34571067362767227       0.45064804241277467     
 -0.18121172426098256       0.36112983385682917      -0.14458891688846559       0.42913680895266842     
  0.10736530217002221      -0.16434374443927841      -0.37346189726131812       0.42191226949735222     
  -8.5418818128667653E-002   5.3766398637481033E-002  0.42467175019096104       0.43650119761943029     
  0.26109116469711424       -6.6243641767175676E-002  0.33200267433466446       0.42753080839027591     
   5.5628254740357236E-002  0.12334298986124875       0.41088372752376112       0.43258922018144486     
 -0.17209921158140368       0.21119878035968809      -0.30772402905723861       0.41099530594835360     
  0.41269205374541346       0.16659371918665755        2.0113694542428423E-002  0.44550281615854714     
 -0.17927252763658733        5.6436871173766466E-002  0.39816235493810420       0.44029197185839325     
 -0.24918135447670120      -0.35894339274278214       -9.5413420942724050E-002  0.44725320290472603     
  0.18461118465826332      -0.38086944535672679        8.4132393027438357E-002  0.43153340944102053     
 -0.17713323513691531      -0.36090908858178411       0.24200047541404668       0.46925023528137783     
  0.36612693546359742       0.13114851102055639      -0.24252667922482585       0.45833181751946461     
 -0.18200881923108680       0.18066379430512669       0.33384647153873753       0.42097515771062388     
  -9.2919293474460318E-002 -0.40812097135536873       0.18267162092394101       0.45668987666776956     
  0.40318869624005454       0.32755682223516613        2.5302366648443111E-002  0.52009115194028011     
 -0.33356701073353073        3.1218291192444070E-002 -0.27499483456726914       0.43343245309201217     
  0.28570815179954889       -2.0620313851746459E-002 -0.23205523692093777       0.36865156764957768     
 -0.32352830651827141      -0.29961903999211814        4.4154362266001994E-002  0.44316107901246965     
 -0.26307252352716515      -0.14037894452945390       0.32866744425403788       0.44377436791080610     
  0.12143439551388424       0.29174826616838312      -0.25112274063012918       0.40364092221635228     
 -0.22320281128528952      -0.21520122036864406       0.31106753218988614       0.43919707398446556     
 -0.37459524671497552       -3.0513622951879059E-002  -1.1885878844310464E-002  0.37602387445879609     
   3.9393200014044505E-002   4.1091237895867522E-002  0.46185757606293276       0.46535226936793705     
   8.8688052044768581E-002 -0.43970813335536812      -0.13330775444773621       0.46795274388580704     
  0.14595537837752889       0.34960213205959856       0.11832145417132958       0.39689367560489380     
  0.14277870433886558       0.35196222267751553      -0.32288575149023524       0.49851617137280130     
  0.15850771039532519      -0.29224467603474369      -0.36063527138510298       0.49049917827905420     
   6.0602140340334364E-002  0.40966145221489941      -0.16731460272485479       0.44664225184102979     
   9.4642146784150699E-002  0.15384120808882426       0.43569247688125523       0.47164837290619882     
  0.13741307740716802       -8.1936444099642319E-002 -0.40012212693468840       0.43092186203178534     
 -0.23253762754625945      -0.33795112769600066        8.8614506872892684E-002  0.41968707838598912     
 -0.16430385154892968      -0.35305929136493636        4.4125969577764920E-002  0.39191034694697913     
 -0.32978128468069934      -0.14317002124768544       0.28378389152501832       0.45802472400384514     
  -1.2034704723982551E-002 -0.45462786892895851       -9.6813637636348926E-002  0.46497764866395674     
  -7.0841517082159688E-002 -0.30939106476217831       0.28030733967660687       0.42345431415177837     
  -3.1130975402109511E-002 -0.19379984922107529      -0.33308541187122448       0.38661791317659028     
  -5.9690966301014198E-002   1.3729116250236630E-002 -0.40360736540936820       0.40822837420205443     
 -0.37791750855238099        5.1673250508860076E-002  0.20511876624295675       0.43308830087364758     
   9.1029578148206475E-002 -0.34719537546822776       0.25097349256271301       0.43797112554766693     
  0.27175454670159083      -0.30891353720299985       -8.4777454443413586E-002  0.42007775935195774     
  -1.4980976098757787E-003  0.31850626522787534      -0.32058032445063217       0.45190732424992958     
 -0.16368504400002540      -0.43481813728384050       -1.1818529711843904E-003  0.46460844042776978     
 -0.16555042565376193      -0.26489396637986612       0.31490158135504692       0.44355243523005106     
 -0.26499311540987314       0.35396795297925460       -4.5903263058929812E-002  0.44454670453216888     
  0.37504854980930225      -0.24271705912262317      -0.14530476805808074       0.46977277605626344     
  0.18493445679025414       -3.8374354362843768E-002  0.35038650473109356       0.39805030722101464     
  -7.7724930931449956E-002  0.30773431736676826       0.14739457112194090       0.34995247473008451     
  0.12441227927811208      -0.48969245482159673      -0.10924237913867488       0.51692457181319451     
 -0.33630971178510055       0.19076740326488742      -0.21737202909011588       0.44356174702081758     
 -0.35003286670893397       0.13739174756145897      -0.26531437607735464       0.46020779896453512     
  -4.7929498854778416E-003 -0.17233741868661276      -0.44194248553040305       0.47437993082018137     
  0.34595364325079347        9.8310362280218430E-002  0.22866890525927236       0.42619047249163039     
  0.32499481631418398      -0.22502232235785702       0.18618968147554454       0.43694767842200311     
  0.30936652775423579       -7.3849469980895727E-002  0.40382530276159445       0.51403916957919171     
  0.29247754166395462       0.29388908841560252       -5.6961669815153729E-002  0.41851946250523969     
  -9.5755850373810736E-002 -0.11364760222455123      -0.41143835016362701       0.43745454204702094     
 -0.30894624193784281      -0.30864904521829090        6.6207102802199602E-002  0.44169604252601097     
  0.19704416626382124      -0.11964856353430592       0.28746829948972730       0.36848365693194973     
  0.20972397315570829      -0.11243163753388789      -0.34687178403927771       0.42064837168038471     
  0.29731650213836031       0.27999021215018005       0.15374637985259504       0.43638236749606518     
  0.12026993093556271      -0.41904243545473896       0.17202825227063800       0.46867380829141109     
  0.31372598219465914       0.15092018439897531       0.28436803549932343       0.44951760096437687     
  0.15483221262369642       0.37977809165743892      -0.10686130839886276       0.42382042447436680     
  -2.0830250853772016E-002  0.34997073034304510       0.26174170487708459       0.43751814993144950     
  0.12055280024942795       0.30728056073646109      -0.27043312933798797       0.42671817174574289     
 -0.15398851654588741       0.39214816564670230      -0.16797110034604545       0.45354926700363851     
 -0.39371838204711196       0.16111623726899357        9.3700021538895450E-002  0.43560567065857136     
  0.31533374659106361      -0.28575299273185734       0.11888320053018159       0.44184087629221158     
 -0.30187767370875618      -0.37567795562727385        1.4786569310489165E-002  0.48216459726951344     
  0.13202314475142463      -0.32777191217310686      -0.24418388170028982       0.42952334656208346     
  0.32307220739237541      -0.11490357017918801      -0.31013488810425094       0.46234416882744600     
 -0.20782265540039482       0.10956910005201309       0.28939079612258339       0.37275015313791887     
   9.6766716681632808E-002 -0.41820886340832086       -2.8966820785445366E-003  0.42926779713564250     
  0.26818688690627013      -0.30034427647587203      -0.11017784629771039       0.41745664270088395     
 -0.45733998122593833       0.12120661183636511      -0.18352250720238383       0.50747552830697351     
   9.9363853804900287E-002  -2.9395655539095983E-002  0.44898944478080272       0.46079149463950425     
   7.4866839948233704E-002 -0.28571525743663007      -0.30593561021617849       0.42524681028111161     
  -1.5500407999763141E-002  -9.1602705073823620E-002  0.41756913217021424       0.42777949736562515     
  0.32006609349042958       -8.8252000987314894E-002  0.22050596992261121       0.39856442722852342     
  -7.7600933423972049E-002 -0.22404382100595882       0.30071399827093309       0.38294444421523155     
   1.4059529998844716E-002  0.40069206891812625      -0.23681378364867142       0.46565284558743608     
 -0.36068152372542239      -0.21701424359122581      -0.10432310671500851       0.43366998290524483     
 -0.26242484663298216      -0.37898542051041018       0.15815811361868984       0.48735073406451235     
 -0.14989919377844613      -0.15577815509001663      -0.36954105817550986       0.42813221740036450     
  0.42828572658058511       0.26180045806368074        7.4965633686132155E-002  0.50753126964648798     
  0.25474693737752874       0.33038510921754521        1.7405775802934557E-002  0.41755632377826812     
  0.10654648341013986      -0.43013874245758671        4.9865882049232445E-002  0.44593508169083229     
  0.33632075067921752       -3.1017830077453117E-002  0.24924918336971846       0.41976053712875117     
  -3.6235076987872802E-002  0.38905915767185045      -0.30797697894768755       0.49752369645514499     
  0.40711478692595288       0.13425343827863895      -0.16480431040027224       0.45926778261697132     
 -0.36297104612850328       0.22043039036117124      -0.30168834149396329       0.52091591712653262     
  0.47621390285670395      -0.15699850962537171       -3.7734999272701727E-002  0.50284405482088879     
  -1.8899741070129188E-002 -0.35291299095478978       0.36244018841047804       0.50622887074148215     
  0.25509144183305188       0.28892556558496746      -0.21032352562163975       0.43907358332627477     
  0.11688001486150081       0.44832407953660502       -2.1206896698882371E-003  0.46331405708336193     
 -0.21073611217679239      -0.29859597454561371      -0.19297358458842206       0.41328932884740599     
 -0.36162361447346542      -0.27722030331407138        5.4199442624723579E-002  0.45886851569401665     
  0.21641449149858746      -0.24325560099379548      -0.16908274204051349       0.36687531015507657     
  0.11247434991136454      -0.15522948858015001       0.38564550084332538       0.43066126576874575     
 -0.29734066301518708      -0.33996378683437145       0.14927771342090074       0.47567917966340462     
  0.30855225969767902        4.5097830970524277E-002  0.26106588023064203       0.40668624902176109     
  -8.5042687373083736E-002  0.24906756283873091      -0.45903261698847003       0.52912933484484170     
  -5.0460467931118864E-002  0.31734316537701329      -0.34165056350774975       0.46901817766531484     
 -0.45843038205150793       -5.7702435861780588E-003   8.5938737535214985E-002  0.46645168828945394     
 -0.13360437678312270        5.2569095047715182E-002  0.41731402370448106       0.44132146291582797     
  0.12470075848413029       0.33911034880340679      -0.20851505836256790       0.41716260306507669     
  0.42185166340578972      -0.20694574341805252        4.4301948492232943E-002  0.47196189388264237     
  0.19971698001751259      -0.31700221075827267       -5.8371937870128267E-002  0.37918934170630636     
  -2.0787976914010603E-002 -0.38477376270390368       -5.8408712190893899E-003  0.38537916942421185     
  0.11223349671930696       -1.8516383216409492E-002 -0.48498289603104133       0.49814417960658280     
  0.45132275620891871       -5.6335319471304553E-002  0.18555989301166528       0.49122130693451166     
   6.4053772950470225E-002  0.11117919568928894      -0.38759990861718124       0.40828591519100293     
   3.6237703074353755E-002  0.41288907198276170       0.12273305975313874       0.43226607644280707     
 -0.15420986829128314      -0.10719361184408274       0.35743711207062373       0.40377276156766989     
  0.13939891572219223      -0.36647747352962923       0.12907863925854574       0.41279424829086553     
 -0.40301178073188504        7.3890408869132142E-003  0.20396497788358681       0.45174639515658066     
 -0.31999587535940055      -0.24905401432959734      -0.19711251952392214       0.45086428961915459     
 -0.22616354024666155       0.37696893708753354        4.0988822347156270E-002  0.44151513000486731     
 -0.24352519804365058      -0.37582518243099045       0.21022855747343469       0.49471722853449096     
 -0.38431278674806707        1.1020245110643680E-003   3.1585220954698109E-002  0.38561011228810549     
   5.1155826302669648E-002  0.18020551504011056       0.34819314776433119       0.39538514687025583     
  0.41317480660154182      -0.17902396794104325        6.6748923125382470E-002  0.45521250053790852     
 -0.23444206667446396      -0.30771648411703267       0.22072784866671286       0.44539117683332830     
  0.27412152864626493      -0.27950733403060923       0.15663716082333662       0.42166593696320720     
 -0.43133834059788678      -0.10336367120439324        7.4914463914628387E-002  0.44983217926044894     
  0.37275026670437106       0.12844927941746689      -0.17906095431608299       0.43301824912078779     
 -0.38181192461853980        5.8002065891009633E-002  0.20608906433626034       0.43774111969009011     
  0.29211455805816700        4.2218195721993992E-002 -0.19118039482232896       0.35165783717124860     
  0.18295731690952138      -0.41147352825681927        8.7896424029400913E-002  0.45881327969447738     
   6.4916317134846857E-002  -2.2985356669528854E-002  0.40757768588752435       0.41335459944823033     
  -8.0305554794897094E-002 -0.16596672067194729      -0.36678032875082311       0.41051399983444936     
 -0.32607031522841806       0.15553451300535165       0.15461012329608367       0.39295944502531305     
  0.24358090792011622       0.11761067964635374      -0.34069464306539987       0.43501352908102248     
  0.15793914353569530      -0.34770344700147748      -0.19858617139940235       0.43044038796164452     
  0.15991823642603850      -0.24146952651747394       0.40268669930424289       0.49602212891637520     
 -0.33472327428671678      -0.23806414868327186        8.6158157045612749E-002  0.41968730891344341     
  0.41043214171279374        9.9584692101323563E-002  0.16575772680786757       0.45370395397040331     
  0.19992479797645951        3.8429600730717772E-003 -0.37499394765258853       0.42497665108111959     
 -0.40162240034584651       0.18995566790590965      -0.17131188704069061       0.47616328173283373     
  0.28398038742865750       -6.6203942406224223E-002  0.30165583832635162       0.41955222229256639     
 -0.22287020814264533      -0.21189575037408143       0.24844155217162212       0.39534054124208651     
   2.9206916015718669E-002   7.2158559498505567E-002 -0.47537892516737523       0.48171051903123058     
   8.6343221281635740E-002 -0.24037578564022069       0.38442185590637623       0.46153638370332789     
 -0.30995222168928932      -0.29633708855602092       0.12587921219106571       0.44691344334874139     
  0.28725097740727551      -0.31326895136202526        1.7252030058957070E-002  0.42538005647897176     
 -0.13936803177846432       0.17586709355469338       0.36707819897995381       0.43023143428106797     
 -0.38506151260850918       -6.2604894829792104E-002 -0.19326617999774370       0.43536600427677247     
  0.26948461399186868       0.12797439253495668       0.39173656792241063       0.49239916832856961     
 -0.32294362841558749       0.10308834076780057      -0.18611714216056635       0.38672908313508009     
 -0.12704178880034439      -0.38301697707427262       -7.2379207434265791E-002  0.40997606088345900     
  0.38547321686497560        3.4620027665787610E-002  0.27852654138208383       0.47682825156452091     
 -0.23407979129061607       0.23981202968411405      -0.33422299234496350       0.47329501041516830     
 -0.11570706150052477      -0.35574635422624923       0.21786288501767395       0.43290625924624659     
  0.30252274788268113      -0.34394632392159347       0.14415714998337406       0.48020867403348200     
   1.1293206908247019E-002 -0.44736439638631476       0.23749709764815863       0.50662344109571478     
  0.20077470926282590        9.0771981933833873E-002 -0.34751042487683720       0.41147725572848914     
  0.32026233908969565       -2.1692980436181508E-003 -0.39468356072966437       0.50827923900495076     
 -0.43496551287777890        7.1482447312446309E-002  -7.7882531139639624E-002  0.44762755313264940     
   5.0333920902957421E-002 -0.20071838488646199       0.32631271684206192       0.38639534520713725     
 -0.18389615851246224       0.27105611310857169      -0.27868057664928153       0.43006055081900219     
  0.28520597268256348      -0.13671571650806388       0.28596950141659172       0.42639440631248254     
 -0.10864196056038344      -0.44142203546211595       -6.9112638294410916E-002  0.45981849218788007     
  0.45159666319338482       -2.4576721308921162E-002  0.15517107056894083       0.47814393500201069     
  0.17546860545238055      -0.34175278896570305       -4.0750851016590317E-002  0.38632218694221526     
 -0.15400000003776776        6.1532790597066213E-002  0.35821231981774149       0.39473833155585841     
  -1.7462772751471789E-002 -0.32366133280388909      -0.24546516047863501       0.40658916831780140     
  0.41970879364593311      -0.17980419895628580        6.1484842188806753E-002  0.46072270103069429     
  -1.6533664038758875E-003  -2.1042873141541999E-003 -0.45480415178500655       0.45481202504600210     
   8.1222879526465272E-002   8.1816155496254567E-002 -0.37148153108950382       0.38895959610139458     
  -9.9312598303468849E-002  0.11316829906215181       0.42585985484074868       0.45169311712642951     
   4.2849060351912042E-002  0.33458479375031336      -0.26472338827935893       0.42879073973686249     
  0.38720609697436392       -4.5514418098475756E-002 -0.21202568921554818       0.44379614315166327     
   6.9001878445181825E-002 -0.29288111789180543       0.29508077912509562       0.42144189950168781     
  0.30438131835391347       0.36371975847652477       -9.5630829241997353E-002  0.48382363023171987     
  -3.4855529872663826E-002 -0.29519847811684069       0.30211817162522908       0.42383067264106122     
 -0.30927052698549573       0.38777369931975575      -0.10496213711506491       0.50698496128955961     
 -0.36322728925706937      -0.17125487918991703        4.6128407615357130E-003  0.40160126444930810     
   8.8269627338691870E-002  0.37847084362021383      -0.20528454067656532       0.43951501592311526     
  -5.8360331147044670E-002  0.36634108775779484      -0.29895524667494044       0.47643043599840634     
 -0.24489743239023340       0.30534571102757130       0.21863875721908368       0.44834547147547660     
  0.28020513880034420       0.19269237995049940      -0.31068550157085889       0.46061996698736796     
  0.24880922579397044       -2.9620945649265172E-003 -0.30070339701155496       0.39030416064743068     
   1.7845956065650273E-002  -8.9862612751224674E-002  0.48676121943405037       0.49530823944620328     
 -0.35108523931644914      -0.17788113675829539      -0.13386483132001276       0.41571906035764972     
  0.17460607949942925      -0.16131165503666511      -0.36998755962125968       0.43977213113534630     
  0.16359996279308697      -0.32122805361294027      -0.16220486797772782       0.39530093530060056     
  0.34631132325877922       0.22726146195658609        3.2497567311278348E-002  0.41549415951255270     
  -9.1332836431660236E-002  0.14527693619428794      -0.33439186417274991       0.37585235668488021     
  -3.4220667439261568E-002  0.13080268939135775      -0.38033595568208234       0.40365311446414415     
 -0.31454872334980294       0.10434737626555068       0.29087293061788627       0.44094935770531851     
 -0.15636743082821050        4.8849095649453549E-002 -0.44348015922828837       0.47277019702888706     
 -0.13835967412190348       -8.5142274330886641E-002 -0.40282883887909676       0.43435432510110522     
 -0.20089694411877346      -0.32577598495228094       0.26303219458080107       0.46440877458752083     
 -0.25157010039518518       0.18464583010335181      -0.40998716875576308       0.51523885386465751     
  0.35774061012536790       0.32215147888486750        6.7429049010481995E-002  0.48611376871164197     
 -0.42776373185592242      -0.15394410753181825        8.7157373848714123E-002  0.46290064414653609     
  -9.5129160130163259E-002 -0.39704413195292204      -0.18037523985475662       0.44635056511444077     
 -0.23097330655365342       -1.0207869523464575E-002 -0.37067911888681465       0.43687055075759146     
 -0.36873524164171151        9.9855107179878388E-002  0.10645036647616213       0.39657080248221199     
  0.19269798780040800      -0.20805257987881254      -0.40461404979110122       0.49409606331654937     
 -0.36812273727854611      -0.14922058882037748       0.24970955153663266       0.46918652363210078     
  -1.7718892392505507E-002 -0.42732018464783494       0.22343899754839192       0.48253651155172417     
 -0.36984421235018233      -0.23726145615562910      -0.15300106637916594       0.46528170638783795     
 -0.23000012905304854        3.6001416674975223E-002 -0.34095586506330711       0.41285235046938057     
  0.15685329376140850      -0.27544966967913381       0.30509507237994626       0.43995281506165101     
   2.1733656516357377E-002 -0.16240185870160251      -0.35095915292315777       0.38732291767444738     
 -0.24103277228481218       0.30468791117759536       0.26122276312761639       0.46815473137531688     
   3.1731337578563196E-002 -0.13203424029950647       0.43902645306680166       0.45954776127015257     
 -0.14848746655518735       0.13379623749297231      -0.44827233993609816       0.49081366285285749     
  0.43708288801328360       -7.4917500293188791E-002  0.13326923199535923       0.46304942613164463     
  0.34572638058660210      -0.17517409790534608      -0.12049851269761483       0.40587262333495844     
  0.12148345488874082      -0.34768839581259958       0.36866240949179646       0.52111171793267197     
   6.1524170437918524E-003  0.17903481533427926      -0.40999863649161206       0.44742619420664370     
   2.0217056128582447E-002 -0.27733932749996759      -0.36364046747842182       0.45777748035979848     
 -0.19440886848672390      -0.18786028482709907       0.31337438718587018       0.41387172083355345     
   1.8729549707625345E-002  0.32869343325713890       0.29148403272898210       0.43971935417327940     
   3.4405063436592768E-002  0.28007362391150703       0.23557542046597096       0.36758770644394417     
 -0.17848439528462337       0.17743632051754948       0.30666534494172626       0.39671647430772544     
 -0.43308849519649190       0.18914757021075571       -3.7717934937547389E-002  0.47409396811618221     
 -0.12678595505980314        7.6566435493372567E-002 -0.36462014295136624       0.39355424796393951     
  -6.3754037469778257E-002  0.32422855168226766      -0.29446995994707542       0.44260737491699231     
   5.1387488441908262E-002  0.29581569416488279       0.31824940634733773       0.43752746602133630     
  0.21473594445148314       0.30665557769943025       0.18101371500622793       0.41583065566886440     
 -0.12475953430429690        5.2196211141640324E-002  0.39529683701486418       0.41779058774860378     
 -0.10496333585738155      -0.31172762472854348       0.30191290557066486       0.44647823736810544     
  -5.7662737338232586E-002  0.25405773626455136       0.38376016868967583       0.46383422869160351     
  0.32186192473778258        6.6641395040487147E-002  0.22109308360179242       0.39612917810406423     
 -0.13100711656578445      -0.17129087609592583       0.40310566711353657       0.45716256155074664     
  0.43459519619227094       -7.4101907995870169E-003   8.8133004026595213E-002  0.44350346321064577     
 -0.36730642487429249       0.26538095624427194        2.5255276010336308E-002  0.45384897340130309     
 -0.25062911715217123       0.28249788821966748       0.18491104704409930       0.42049031681121218     
 -0.47888906319088342       -3.2431280527343662E-002  -4.3017765305373754E-002  0.48190979543100532     
 -0.30970080949634804       0.26049649553060938        7.4550570709705222E-002  0.41149824201272694     
 -0.26436971246690466       0.18600956740938859       0.31820713238409426       0.45359308100738288     
  -3.6041811240125926E-002  -2.3284822467699640E-002  0.49831205770539461       0.50015607760918557     
  0.20910646774718017        6.5904116906197185E-003  0.38923706669666691       0.44189867896451090     
 -0.12161358077431783       0.32459986321611672       0.26900561801970335       0.43876982206486781     
 -0.15346242644258468      -0.29234540379331253       0.31258693007965010       0.45467256383615312     
 -0.37039683575804477       -6.1332576223430057E-003  -3.7736690011396096E-003  0.37046683166832117     
  0.43361641643002474       -4.5334311256640614E-002  -1.5817382805226987E-002  0.43626664549738120     
  0.21479644730723549       -7.5845991456396269E-002 -0.36599955327556882       0.43109836602999285     
  -9.3861775845123036E-002  0.12611321218734867       0.49902551948645441       0.52320267999288483     
 -0.23491068385469940      -0.17091300058084041       0.31087762488090354       0.42548699252529526     
 -0.29681410809492809       -6.3847471356199725E-002 -0.28519391495776880       0.41654613609023844     
  0.41569195557100219       0.18072607019348669      -0.13118340164600700       0.47188006870543148     
   2.3156038911317223E-002  0.26082848967176386       0.43245363558905281       0.50555301413076859     
 -0.26665583906813306       0.34833944032013048       -7.7536738906131150E-002  0.44548585619733133     
 -0.19552001143000416       -5.4317719208153974E-002 -0.35610195286234242       0.40986228214113429     
  0.20805717432428752      -0.33810198749162934       -6.6427110040400347E-002  0.40250876100020022     
  0.26659385342337377       0.26328460881112820       0.21669616796248814       0.43283749505972674     
  0.18663253847076136       -1.1303677628430750E-002  0.37385149922969585       0.41800050361244662     
 -0.39475671021532749       -8.9349156917979733E-002   4.9316270104683174E-002  0.40773548606789167     
 -0.38493555491926201      -0.12957730665553513      -0.14119534657144528       0.43000207643049038     
 -0.23047292769045929      -0.37775977883555273       -4.5810212413021238E-002  0.44488065418202161     
  0.11328041787899200      -0.17144238185905863      -0.38991301576135223       0.44074607568582941     
  0.42118635186903580        5.1503888282297711E-002  0.21563834168806467       0.47597320083689709     
 -0.17946462605999725       0.37850611743021789      -0.23543246986736402       0.48052354864959512     
 -0.34561251952844418        1.2821031874963945E-002 -0.26452898302496930       0.43541701318777443     
  0.22732033690762893      -0.37679470199798848        9.1016147717356166E-002  0.44936924924927657     
  0.35471275149731718        6.7782809378164721E-002 -0.25234897888141861       0.44056288139661604     
 -0.25216747030302344       0.23317137436460666      -0.37974345646028890       0.51201798369443341     
  0.15060073598523141       0.16516873260118339       0.40577803282618030       0.46326785322603514     
   7.2541906868268946E-002   9.7749693274181024E-002  0.37722077059926318       0.39637462148677355     
   6.7474013550922196E-002 -0.22915215711768827       0.37326498954673498       0.44315934610214858     
 -0.30714820394412440      -0.21066574142478284      -0.29430086413021350       0.47469260835191579     
 -0.24945623051166257       0.12483898913362279      -0.31613667743411727       0.42161070072766849     
   5.2316658000679458E-002 -0.34556609307026481       0.24760180308111274       0.42832185360220076     
  0.20269630589984686       0.29841200724215183       0.30728791615998663       0.47387907941760982     
  0.14709063474306325       0.17588047750615449      -0.36178487162163803       0.42831984606272361     
 -0.29355244763496274        1.9710527742231584E-002 -0.29480216309474044       0.41649713058038318     
 -0.12820564213839297      -0.42616254244134744      -0.17228323052217426       0.47721348553383064     
 -0.28567773098440835      -0.16631554757886508      -0.31709015962756909       0.45805981779620764     
  0.23208784638449628      -0.12537348153696215      -0.28459711930757414       0.38804484100457015     
 -0.16517764998089030       0.22927360124803042       0.28017773050475625       0.39793165362062638     
  0.24295888580721514       0.44433173502725509       0.12108659355665476       0.52069345500415953     
  0.28671627967971275      -0.32506574493251400        7.9990822426615232E-002  0.44076353664339318     
  0.45604313125320217        2.6090687593843982E-002  -5.8309030343858544E-002  0.46049539038082238     
 -0.32455905854029082      -0.33331693380356886        4.7920622024315213E-002  0.46769129439831347     
 -0.10797108736274473        7.7579063242676577E-002  0.40162045091538029       0.42305466946173526     
   8.1301457924362650E-002 -0.35975130701187036       -6.7723854568414482E-002  0.37498993377820111     
  0.32751387675004962       0.32381052381051706       0.11147485686973765       0.47386204586189073     
 -0.34101596171850113      -0.12795680673580323       0.19619964605072571       0.41371382820404734     
  -4.9804235712744491E-002  0.22012950575442464      -0.27111708958967973       0.35276328814971136     
 -0.33492146693090552       -5.1160885029491926E-002  0.30870161108199229       0.45835194976433574     
 -0.32148907310350200      -0.22813621075838672       0.21030510768771743       0.44679927607784498     
 -0.22249583804608297      -0.25852173257902616       0.20849210158715506       0.39975847781844337     
 -0.26956592221753528       0.17650213340217916       0.34774290438831823       0.47407163706441452     
  -8.3888372261119337E-002 -0.27699134196179537       0.36274873545233077       0.46405614702822484     
  0.29045365943680307      -0.29991309451167641       0.26176729883460220       0.49278120020853483     
  0.27074811284609140      -0.29310387930208054       -7.2251148185652092E-002  0.40550542916931887     
  -8.9905426965852756E-002  0.15213878514754031      -0.38163176227993112       0.42056152668184899     
  0.16474132964711385      -0.19054996331847165      -0.27414611403121919       0.37229704008088510     
 -0.16063323921896808      -0.47902292063137025       -4.4453495926685627E-002  0.50719040737408483     
  0.28641695994003352      -0.17198795882989273      -0.31176839484426366       0.45696177624341006     
  -5.8921190742840038E-002   9.7239055537106475E-002 -0.41254789514635709       0.42792862305528506     
 -0.14458050482654639      -0.38132826904575789       -3.2769887530612451E-003  0.40783024630919740     
  -5.8834996856983041E-003  0.46415173464812964        3.3657221235308087E-002  0.46540762443980421     
  0.18936546516086414       0.28129351543138692       0.27589439600537635       0.43715333576047405     
 -0.30407559219959268       0.32117530863873833       0.12572978530217072       0.45980813777362811     
 -0.22915543028954655       -3.7883464321703440E-002  0.32463394997136169       0.39916734532550330     
  0.11324648301699361       0.41291028205567198      -0.23524070721846119       0.48852620940503755     
 -0.42624168748931479        8.4622120880484854E-003 -0.30996206088346606       0.52709587778153544     
 -0.26301750382376476      -0.16050617710890502       0.32227997317921087       0.44587534280356000     
  -4.9620437510695635E-002 -0.25266025588684343      -0.34848196481777538       0.43328867112678504     
 -0.42222100293942150       -6.9034073290469178E-002  0.12036516919354030       0.44443678127854630     
  0.23180555834205727       -9.1510407383507131E-002  0.31468063714526190       0.40141235024836536     
 -0.13035120448384763       -6.2892281743525347E-002 -0.38321021415965129       0.40963025260542296     
   5.8496165353232120E-002  0.19645150278301493      -0.37800684468733409       0.43000484757408480     
 -0.31209059151449042        6.8032657813926228E-002  0.25440037919818864       0.40834854325352193     
  -9.8499640482401576E-003  0.43835978770405271        6.1095727649490117E-002  0.44270646392922075     
   5.9793692754036815E-002  0.17584302141070451       0.37463314551768956       0.41814596445797247     
 -0.35592918344337154      -0.17086330067006103        1.3648299987717830E-002  0.39505205636104168     
 -0.33022416404303184        7.3512002953281724E-002 -0.21100265752139102       0.39871560613702084     
  -2.6568188969975624E-002  0.10540576694767156       0.42859519016189407       0.44216521957395211     
  -7.7592188329690254E-002  0.41753195050929465       -1.7315047168203652E-002  0.42503327898450882     
  0.21115090003041453      -0.36876290287878416        8.4355083532588790E-002  0.43322807069836988     
   7.9023464033737043E-002 -0.41676093254502894       -7.5135866972958390E-002  0.43078971815663336     
  -6.8104239094538235E-002  -4.5151180598907076E-002 -0.38579107178583466       0.39434954997030769     
 -0.13158888553726705       0.30311009712861053       0.25838451905740922       0.41946862274404312     
  0.29583556858170090      -0.15378530771122875      -0.34021046782870623       0.47635256578097984     
  -3.4193101167417181E-002 -0.46479383077107284        6.3002597172323455E-002  0.47028906062203057     
  0.37976490791915885      -0.26792587401249135      -0.10381005379072777       0.47621653322857072     
  -5.5987493779785097E-003 -0.32677328198803790       0.21310477342706866       0.39016120805794291     
 -0.21225114264319248      -0.10785586898755584       0.33063989826812135       0.40743855776688009     
   8.2336124335901234E-002   4.5738188874542340E-002  0.40968909702147976       0.42037646878774715     
 -0.10810642953228608       0.31149602890396111       0.24536597547858169       0.41100028960052137     
 -0.46446590422294737       -4.5645851953806590E-003  0.12521784146621845       0.48107059715295947     
 -0.10900276357743054      -0.39092077944290038      -0.22148113187494348       0.46233597096091072     
 -0.36800984865888570      -0.32286537703146218       0.12238260143141208       0.50462937045788769     
  0.43048786152052465      -0.28886782154750495       -9.4358968173816633E-003  0.51851080354305434     
 -0.23689397573619383       0.19821172676064369      -0.29503391453014527       0.42714360007908059     
  0.20475598457681304       0.31234329048155168       0.20764896093607529       0.42731889182049371     
  0.15681153349948798       0.12053078199093374      -0.37322389914147197       0.42239034711528467     
  0.21738079130641930       -2.2118274282269212E-002 -0.37230216507854208       0.43168568265394291     
  0.19384109848671974       -4.9075546987241210E-002  0.38503362270860253       0.43385904553293064     
  0.24449426064862548        5.9015797147809086E-002  0.35430580487029062       0.43450306232280322     
  0.28919999511110256      -0.28975165473162723       0.22261224127720247       0.46599234817584428     
 -0.14993565035707609      -0.29667074502963769       0.17549627968079454       0.37588984341990317     
   6.9969472243685077E-002 -0.20478824066042220       0.29707109442046009       0.36753936618955624     
   6.8679629153978461E-002 -0.21032157072312876       0.35734235347989296       0.42029229372273863     
  0.34891124815744301      -0.23817753622192228       -9.8451102089579426E-002  0.43377438531358981     
 -0.26268023416803105      -0.24863399031771402       0.22660513023911438       0.42681336859869651     
   1.5980773243322678E-002  0.42904704377839709        1.1876333685403672E-002  0.42950878709316687     
 -0.40460302499734080       0.14634463408220380      -0.11416498093626574       0.44514492318101395     
 -0.18536487443149074      -0.40986394969856121      -0.16467225371625704       0.47902562048339170     
  0.28324763145820137       0.36043499523644928       -3.8958148786163563E-002  0.46006558649243168     
  0.29918780532223177      -0.29376101126894244       -1.5092112645658497E-002  0.41956721327982077     
  -1.7294990488503990E-002 -0.39489100088166718      -0.18801565711597565       0.43770755830128688     
 -0.16054326447740699      -0.12503783833777110       0.31844837185290659       0.37791264376971073     
 -0.20052468688592168       -2.5719023389544085E-002 -0.39471615753362843       0.44347769192251485     
  0.37109750091470339      -0.17744687166838718        8.3483380849092709E-003  0.41142489253667586     
  0.19233546286880865       0.13560052490103078      -0.38716900053235820       0.45307865498566485     
  -8.0142079813959946E-002  0.22669859906398523      -0.41873349756704142       0.48285893360194565     
  0.33225992837458956      -0.12130773671900498       0.27543529450231607       0.44830439262732236     
  -8.8654229314674940E-002  0.37288507676763466      -0.19287209995808355       0.42907167209409747     
 -0.14247428884581348       0.32754544557550003      -0.28386772143413641       0.45625193169079470     
   3.3973407406921452E-002  0.40456139009984776       0.20758099746051534       0.45597585602426399     
  -2.7984795867239769E-002 -0.43683079281714465        4.3425128201363801E-002  0.43987501874088181     
 -0.44086460016643453       -7.1662364838295758E-002   8.3065661966327586E-002  0.45430935981116594     
  0.27967197248451692      -0.39484011342322917       -5.0982127087466897E-002  0.48653294302011191     
  0.28281134121074958       0.28582122283757055       0.24003479295630745       0.46828701452353400     
 -0.31479580709884347      -0.27538644206476454        2.9291685981128468E-003  0.41826148838827887     
   9.2638708320488997E-002  0.39920892645741968       0.22457829418967507       0.46731692400737890     
 -0.31480024134277890       0.24425755525425605      -0.14996824362243544       0.42573632607924816     
  0.27324243868511744       0.29664969949171488      -0.23775664580350900       0.46817806135150136     
 -0.20458781066454407      -0.13615177878628024      -0.38429634353822834       0.45615475312226167     
 -0.22300348150119320      -0.22366027022482676       0.37681755016525764       0.49167665731783727     
 -0.36454382794024709      -0.27909008455413092       0.16769153581858237       0.48877799558793084     
 -0.32877090348149351       0.11459920761295639      -0.29310896209894033       0.45512212539523172     
   9.1584772489770566E-002  -5.4520262386585985E-003  0.46961605886971264       0.47849424018522047     
  -2.5137671160259147E-002   5.3129763479068712E-002 -0.41296336849775672       0.41712518264870696     
   9.7492175247553298E-002  0.40842503933981356      -0.22939141895157372       0.47847273703194870     
  0.27419792526724085       0.23447531886729156      -0.24772754410126169       0.43764382034391852     
  -5.5293716898291531E-002  0.41310436195268840      -0.29534051063791772       0.51082152090199973     
  0.10283181892900160       0.31382486062242321       0.27232131167748769       0.42804126310751600     
  0.21203992753822673      -0.20765558803731465       0.44163859523910676       0.53209625343382272     
   3.5399064411451422E-002  0.30335835464836652       0.26272571740397388       0.40286993891528183     
 -0.25165352325363383      -0.28819153490285876      -0.10533252781054378       0.39683598371442058     
  0.38766057716666619        5.1587825662943298E-003  -8.3122467254912402E-002  0.39650558721070128     
  0.30432312755813978       -8.6503635081846900E-002 -0.29496653057872474       0.43255138308736329     
  0.32081313396936834      -0.20442779556571034       0.19200217849967924       0.42611809052858390     
  0.19749352857078134       0.22777583772133936       0.25969498367925420       0.39790326792471065     
 -0.36591256043090481        9.0394674386385793E-002  0.17656192999674519       0.41621786862495086     
  0.21267675114899176        5.8745925726981042E-002  0.35569396836138867       0.41856980707820135     
  -9.3056180795229287E-002   7.6822795689983736E-002 -0.41097745867914265       0.42832658832272574     
 -0.41738961513771261        4.3502337394363384E-002  0.10647635566358189       0.43294775493005905     
  0.19422155890770751       0.36440784999529258       -9.5713776865991904E-002  0.42388232112779206     
 -0.10850254438837245      -0.16446512478172695      -0.41032982880947994       0.45518364186231131     
 -0.27965327171709015      -0.20574009329601925      -0.27205864226898785       0.44107918019871722     
   3.0058307380920891E-002  0.12111144094742338      -0.39639111836848551       0.41556876890881228     
  0.17417645960231776      -0.27008995716790912       0.28160995183943299       0.42730573248854103     
 -0.12047128116249814       0.35050380646237189      -0.30106406276110698       0.47749954745085288     
  0.38436536640487790      -0.20262299508899737       -4.5206220386807980E-002  0.43684827502469614     
  -4.2922063700584268E-002  0.10649741641594604       0.35428342794515000       0.37242549667303221     
 -0.38479483835801764       -2.8125008043698472E-002   4.1010733281530293E-003  0.38584310607664601     
 -0.10804736542851794      -0.36891450968327583      -0.13308830350979145       0.40679803977159212     
  -9.1921034155145978E-002 -0.38870577552510371       -2.9406418704439607E-003  0.39943748424670167     
   8.8026256375173667E-002  0.13767895696552923      -0.33187023902743668       0.36992157622213900     
 -0.44893637781062951       -3.9149995505609443E-002   4.8968167615084705E-002  0.45329292395690068     
 -0.36226030023841360       0.15660570139253913      -0.11451562664101164       0.41094001944621833     
   8.9248320321105579E-002  -3.9399506577088165E-003  0.41613585819903537       0.42561700902380711     
   2.6344069486943927E-002  0.27555649348190786      -0.29375201766100206       0.40362809488077922     
 -0.12436527037003389       0.43818044546885870       0.22191232571433045       0.50666942237463097     
   2.7965385137277456E-002  0.40080919708039986      -0.12080024987068563       0.41955068299185400     
  0.19254045971761449      -0.22387964191606591       0.33548460889183124       0.44692711429945842     
 -0.28461345204020133       -5.1486172021192031E-002  0.29605703756358837       0.41389058032596460     
 -0.13653389921994613      -0.39709423805598737      -0.19221312712378927       0.46181297705042196     
   3.1283136407380965E-002  0.46545768527550663      -0.13080045656339789       0.48449793688178766     
   2.3319205040210768E-002   5.0714609858290599E-002 -0.45663450143156425       0.46003350407816956     
 -0.29929869367979223       0.41427998037267172      -0.13941227327605549       0.52975786177838735     
  -2.5216168950554736E-002  0.32515885872346395      -0.20040951978473098       0.38278990870088908     
   8.7454698357729788E-002  0.11080746429191267      -0.41164977343336018       0.43518059972312850     
  0.22415789522849480       0.32778379717141004       -4.6619761992825678E-002  0.39982794035640462     
  0.37862072978092953       -6.2573099919412289E-002 -0.27992206817211601       0.47500043589782442     
  0.11414307007656417      -0.38308825816509851       0.21550126472727768       0.45412118326447715     
  0.19724045650346686       -9.4529637589970447E-002  0.37104285546459104       0.43071156317877579     
 -0.30479521588185532       0.27312489433564302      -0.20026872347988783       0.45563679958338171     
  0.38516945353538068      -0.21596788641060125      -0.17063091438670927       0.47340526490719415     
 -0.32578349283176999       0.34576737036659982       -8.7908366077022626E-002  0.48313335574997629     
  0.24991544941220001      -0.35573580322981702        6.1931169670866475E-002  0.43913683895941441     
 -0.13813963584003963      -0.41059065142388940       0.18001762850232944       0.46912001513292451     
   6.8002442983317396E-002 -0.31833724255309742       0.26194027574653422       0.41782249856389886     
  0.39239486200817936       -9.3063676594318398E-002  0.19849465610176528       0.44948270726761896     
 -0.39904057724066244       -6.1669362015079901E-002 -0.21904711202856733       0.45936709697578881     
  0.24978544631820424      -0.27982408148285076      -0.14746634349309851       0.40303921426249595     
 -0.27399196725929742       0.25381224841266758       0.16293604168337553       0.40748056302891339     
  0.34105356078417420      -0.17607312665304675      -0.23276264848395517       0.44888498279872263     
  0.33992352558863020      -0.23715714531232870       -7.2016672702242338E-002  0.42068743262474456     
 -0.21078576562501208       0.30903732583827942      -0.28740994806648978       0.47174059184999095     
 -0.43254214871371877       0.19084457645145084       -4.7444296388682937E-002  0.47514768655085721     
  -1.1996024862941861E-002 -0.28947617277973153       0.28490221602978516       0.40633684538618409     
  0.28917695696879725       0.20668670791910732       0.18128683996128744       0.39900830319095043     
  0.20069765978808779      -0.32813587845584441       0.17510185031150355       0.42262674235892356     
  0.19369407547860640      -0.22957798755831726       0.19939697014456209       0.36053099582375764     
  0.27009506677058132      -0.26867354946508953       -4.3436328594362091E-002  0.38343648224671073     
  -6.9186981169180678E-002  0.32144770982733095       0.25797611787018598       0.41793198717962782     
 -0.37905661508780730       -1.4629939439283077E-002   9.0027005633617818E-002  0.38987538305614866     
 -0.28168764047895378       0.40601544729888167       -3.2919357851432789E-002  0.49525766462040943     
 -0.34832853399471153      -0.13237331470486022       0.19825462630056676       0.42209046292286001     
  0.46349443870192614       -8.1188346802569533E-002  -4.0920332066618013E-002  0.47232733981910274     
  -7.5577970114626317E-002   8.1978655329517550E-002 -0.43123129858415210       0.44541324898891066     
  0.21325831011637031      -0.45999805467173560        8.2655571556688845E-002  0.51372099494261847     
 -0.29341327864033506       0.19682789485380517      -0.27205072309375544       0.44591946381705150     
  0.31643694575935649       0.33500049461883469        7.6137871498625928E-002  0.46707028112770682     
  -7.2294381962767995E-002  0.49427535954302337       0.12034710573091359       0.51382685271652673     
   3.0176711455346561E-002  -8.0146844256297645E-002  0.42060029910819724       0.42923043015192602     
  0.37723734043463364       -8.8219715020838668E-002   6.5852303938792905E-002  0.39297233372160034     
  0.12878938379801638      -0.36861604463184483        7.3951681315030368E-002  0.39740828490158431     
  0.17137665966089224       0.20634813508343133       0.33458353227168874       0.42883056373856504     
   4.9333946873276982E-002 -0.11556119418352330      -0.38465263083762524       0.40465525367344940     
  0.15327784811982162      -0.20903231871402431       0.34398442870218016       0.43071324124151300     
   1.6071075958299777E-002  0.13098011796470715       0.47799026930480221       0.49587172568576987     
 -0.19683645943519487       0.44797229042830550        7.9745060152273881E-003  0.48937445530059298     
  0.35758125491548520       0.13474878185858691       0.25875635841704092       0.46149370645822940     
   7.0809218762814541E-002 -0.35490709945616550      -0.22621067320339341       0.42678362594799851     
 -0.39919010003674549      -0.15022311936672000       -5.3821516346421655E-002  0.42990286947337630     
  0.22544770472451608        8.2306741735302183E-003 -0.38935898678284658       0.44999425790944075     
 -0.37834115386613043        4.7158092106881919E-002  -6.2146582441298677E-002  0.38630054629659699     
 -0.10922942396089003      -0.31653701271398232       0.26271275292728979       0.42561101727675571     
  0.12630978349823269       0.18799900056544522       0.34404435819094648       0.41190327265511856     
  0.29349229598921139        9.2837718555819099E-002  0.31938985348215237       0.44358364295701785     
  0.30151262586058070       0.11908970479011904       0.25373802347608604       0.41167366432392904     
  0.29890346831885362       0.23119364302754125       0.21763843833362378       0.43607370224502723     
  0.14091822647547267      -0.30716644159146239       0.26896226908818843       0.43191419470309261     
 -0.30446654907912352       0.21409722485959698       0.31266588724315908       0.48610436970498733     
  0.15690838920232592      -0.31582565884522978       0.23742112193213954       0.42512924920147277     
  0.31278830916375483      -0.31811976657546187        4.2012870270004263E-002  0.44810913124357465     
  0.32993010289724334       0.18450203579859714       0.31133740934352205       0.48972018180625165     
  0.33287720496434303        8.0347854996587920E-002  0.22902444979964903       0.41196505919004578     
 -0.28794715845785041        7.5364989610684857E-002 -0.34540504013260093       0.45595842954371696     
  -7.8917279851303646E-002 -0.34643943034151081      -0.18496165569448478       0.40057337658876513     
  -8.1575622176852366E-002 -0.30665608694461899      -0.19622600424619407       0.37309138630656385     
  0.30835912342042987       0.17985569370738802      -0.28226951555067997       0.45509284653221838     
  0.35998428823205963       0.15666083122478161        2.5637514659096493E-002  0.39343180599930849     
  -3.6387247567724323E-002  0.27861883918376151       0.33970843412830132       0.44085633663537610     
  0.34879254897513962      -0.11617730404618128       0.20705875666653983       0.42193214727999495     
  0.22865047834884542      -0.35317787221254465       -1.1007448272224652E-002  0.42087624616649733     
  0.23088962639857066       0.40698766467903741       0.10669285034109069       0.47992951888092333     
  0.37642013000996855        7.8463647971899891E-002  0.23690743209634160       0.45163457541718677     
 -0.22978721125620402      -0.25023988988434726      -0.28624090344192310       0.44424770089386162     
  0.24231217266491781        2.8582206422101419E-002  0.34108161800141973       0.41936714425907878     
  0.16559094887178094      -0.12631614345299597      -0.44570813386684915       0.49196734753453281     
  0.16510109966195552      -0.32003034516852180      -0.14727991508269128       0.38906190808794799     
  -3.4996455128958527E-002  0.25080860529168497      -0.44337893561359210       0.51060218262929047     
  0.18494696666739746       0.31843778743115775      -0.25516427503880140       0.44801429910171364     
  0.21715079668495385      -0.21292004985889798       0.26473047465532096       0.40320173653402996     
  0.25195469767909917       -4.8415084716382908E-002 -0.32934603524539235       0.41748533033212082     
 -0.12145710327857910       0.14666596042072044       0.42498733468180788       0.46570051161975629     
  0.40336666333207971       -4.9096665104142095E-002  0.26828097095394310       0.48691870675503329     
   7.7273818552874629E-002 -0.39175908513194235      -0.21299463706196864       0.45256285666669421     
  0.10076472634249466       0.22202827674040287       0.35820530072511270       0.43331411610373277     
 -0.34819602392168569        3.9299808866216784E-002  0.37486007272867655       0.51313255614698716     
  -6.2677737418454574E-003  0.30577156148305079       0.23603842198887257       0.38632844763809354     
  -2.5770435562704280E-002  0.20180407712839538       0.36187486194716112       0.41514144168465256     
   6.0325487620791873E-002  0.50800493128102564        8.2459204507456918E-002  0.51817728150752462     
  0.21740205605646024       0.32378637520513714      -0.12544170875349392       0.40967901220474368     
 -0.13343720578658699      -0.46650624512918137        4.4518293969869435E-002  0.48725295599990726     
 -0.20455260695833732       0.13308420980677443       0.27818912536273510       0.37005724608961399     
  -5.7732930552541965E-002 -0.38793107780119884      -0.11662870759347604       0.40917706170936435     
 -0.20981790763999955       0.36386060123014502        7.3385326707952184E-002  0.42638421367356327     
 -0.31769216315657617       0.27173903761896606       0.24728474224190278       0.48571612989773233     
  0.32318248295033675      -0.20640263028317979       -5.9272814344635931E-002  0.38802349103384626     
  0.17702100058021814       0.38825852899968682       -8.6363125733614432E-002  0.43536158474755482     
  0.40037952922572434      -0.24208568117865453      -0.12943098347378579       0.48544991908304735     
 -0.33697742302572253        6.5557072186365778E-002 -0.21373315858964340       0.40439260184060094     
  0.11305379637076696      -0.22974197805530072      -0.33228985559333746       0.41949861201778271     
  0.34377859111731568        1.9185469604434839E-002  0.23331608419862920       0.41591849814636883     
 -0.27741500115724371       0.22396867390116035       0.30670852391339165       0.47030965160971278     
   9.2867934139251151E-002 -0.38821647254639846       0.19555620392156986       0.44449826955779648     
 -0.37579588834211536       0.27065154983859413       -8.8899276174155217E-002  0.47156960507348367     
 -0.39733453830823523        4.6095940002698128E-002 -0.11094547358447604       0.41510055303050908     
 -0.27330239633229619       0.25996287606747298      -0.25548807779627891       0.45557552027110204     
 -0.12077475107742075      -0.42330785841230306       0.18037540844732960       0.47572194763744541     
   4.9434787679579109E-002  0.40130030581480908       0.13464314344055570       0.42616253912743007     
   8.3692184046210080E-002 -0.36024359467937217      -0.23867124162826034       0.44016336826037200     
 -0.38708309196838209        8.7596631728220561E-003  -9.2955198406044756E-002  0.39818427982205851     
 -0.40462629558658592      -0.18686824918254144       -2.3572800492984880E-002  0.44631587307169979     
  -5.5207086906102140E-003  -2.1759172918622983E-002  0.43886044165613691       0.43943421246094239     
  0.38831752289065385       0.12990103949410609       0.11681470785665876       0.42580565357592348     
  0.18918259628604092       0.29451359555988987      -0.29949323770949265       0.46067831741992832     
 -0.16752895598444723       -3.0849506412785124E-002 -0.36910205170017185       0.40651441266999089     
 -0.10465370614061005      -0.17699512718776017       0.39378431879062931       0.44423615677089651     
 -0.27452747036825886       -6.5241643085054951E-002 -0.34823260476883777       0.44820503232708409     
 -0.37633330816303812       -5.9333975438057886E-002  0.20855894826079602       0.43433180216727124     
   6.7894335624616442E-003 -0.15928754449720728       0.46104393521806553       0.48783206991895139     
 -0.47461299920059474       -1.6290383273683783E-002   3.3558370873043024E-002  0.47607671635256432     
 -0.30480152397561572       0.10929935346710803      -0.31495613305287484       0.45171637498966744     
  0.43687589256395254       0.28582679670321015        5.8527986250775765E-002  0.52534086876212038     
 -0.24935241758234389       -6.1401436479754670E-002  0.38970317778221808       0.46670690088051620     
 -0.24320464274238535      -0.35981772857657002       -8.7165669017360975E-002  0.44296179282721171     
  0.40026008525503065        9.3031947145931881E-002 -0.17261314446755810       0.44571109104565254     
  0.10824224920340300      -0.38873953104177422      -0.11054637138629426       0.41839611343064198     
  -9.6655151062906702E-002 -0.48092365434849882       -2.0555917511798354E-002  0.49097079880952144     
 -0.10463957384344369      -0.11439387174145758       0.42802963367313729       0.45524143661193522     
   1.8947636110121790E-002 -0.41144134793062159       0.16446920822031513       0.44350097649694731     
  0.26223492655330349       0.32581078889024034       -7.7104984649316727E-003  0.41830524578144479     
  0.36301267451936470       -9.2112000150104345E-002 -0.22285839187971571       0.43580808306474539     
  0.25017297358895463      -0.37138055010885362       0.21848782121733629       0.49824387375440277     
  0.28226997037427248      -0.19123266375257220      -0.20330370566002717       0.39696179236306356     
  0.16670185333052556      -0.41955462206676564       -2.0863157097907800E-002  0.45194121313010455     
  0.34019012271599819       -7.1284389448042856E-002  0.21207932367759091       0.40717124567440971     
 -0.20493389216647465       0.39154344283652859       0.12835559318876841       0.46019487838265083     
  0.10430052662900763      -0.38546260917742164        9.9486826303450071E-002  0.41153086340745682     
 -0.22995443853176151       0.33910630021455102       -1.5435748897617618E-002  0.41001266930387548     
  0.18127127379539398      -0.36038554980268223        3.0595191033212669E-002  0.40456530365856264     
   7.1055898211981522E-002  0.40829989202776495       -6.9730557033340357E-003  0.41449531481844015     
 -0.22853248437224899      -0.17988735908529352      -0.38421218505619009       0.48187712284117162     
 -0.38073988627708488       -5.9815217117445280E-002  0.19962168476405617       0.43403863679301047     
   2.5187475506227672E-002 -0.22862237090172982       0.33002707344710186       0.40226914697396782     
  0.25621359029750618       0.32434562055679950       -6.6885813752637358E-002  0.41871135345111699     
   3.0400590839056649E-002   2.1374335367566555E-002 -0.46964387565594273       0.47111190610820219     
  -4.2721122289069019E-003  0.44707009440587586        5.1479136620923821E-002  0.45004446642771961     
 -0.47816789075909444      -0.14640407273121481        2.0068063465068307E-002  0.50048117990242769     
 -0.21250703650386388      -0.40791775424694149      -0.14691591835106657       0.48284616790284246     
   8.8189932946878088E-002  0.42702590214046782        3.6883268968400156E-002  0.43759451653540016     
  -8.3670596060997374E-002 -0.48876042372158146        8.9480386872650614E-002  0.50387921179245099     
   1.4283782228887461E-002  0.37427919729598857       0.26817611286692267       0.46065971331960887     
   1.9704107365856316E-002  0.38456306029314180       0.17633459877008628       0.42352200640878052     
 -0.31640044921069055      -0.19207545856454250      -0.28186890846065293       0.46524435257217900     
  0.10402525503929928      -0.26657127667432873      -0.27913004532639324       0.39974376972966957     
 -0.15784963998154139      -0.10332612382215109       0.46995808734983274       0.50641228319613829     
  0.13901618372348726       0.43016052174691977       0.10130356298909862       0.46327743920993053     
   5.8803644572269623E-002 -0.27692627452535634       0.32440833396403684       0.43056567127767731     
 -0.30863980713132089       0.18557132710312896       0.19164506563737047       0.40794984884422680     
  -2.6106629948110145E-002 -0.19828223746474832      -0.44927706562925368       0.49177971035994067     
  0.12083480495866433       0.46018202683685427       -6.7401178284094851E-002  0.48053248250993191     
 -0.34479270807975215       0.18023579997795375       0.29933496874832083       0.49088530091480670     
 -0.35574298678053173       0.21371974922855047      -0.10053989877239640       0.42700992388820636     
  0.32423571276471030      -0.18948776831032282      -0.22036865669234906       0.43542709679538399     
  0.19768021904507030       0.13273747489666599      -0.43108660148958333       0.49247574988773696     
  0.42407669444304186       0.20303128935419812        9.4869812101995687E-002  0.47964885955752379     
