  -2.3447490815749761E-003  -6.2487096520563799E-004   4.0115599497370412E-003   4.6883819393302387E-003
   4.9791480425972264E-004   2.2457997841944378E-003   1.8484708860268219E-003   2.9509965163445322E-003
  -1.3629409891912302E-003  -2.3467854130690539E-003   3.6705963894238813E-004   2.7385658096076085E-003
  -9.1518084183834895E-004  -1.3688392565358541E-004  -6.2583417419263387E-004   1.1171220148030660E-003
   5.3064100327709793E-002   4.0296259262559099E-003  -5.1309433683113338E-002   7.3923572786876376E-002
 -0.17637110305691925       -4.1169897996964730E-002   9.3171782790643518E-002  0.20367304093321181     
  -6.2646498482582830E-002 -0.16361653497931736      -0.16426707158774390       0.24016374642893004     
   6.3651389425188304E-002  0.12985957469272671       0.24023083585276159       0.28040303673400069     
  0.37676356616152384       0.20738252144500646       -5.5918608712792806E-002  0.43368788983324397     
 -0.12283336547490215       0.37611916094790504       -8.9041559490719707E-002  0.40556387687093920     
  -6.2805098864672115E-002 -0.20803618101610760      -0.40962004573153632       0.46369398844526100     
 -0.10481697675252856      -0.13860417115703569      -0.34551505318267739       0.38675362552081827     
  0.12631425657973627       0.25225123407632372      -0.27594972732620759       0.39463176319162147     
  0.37117089683796495       0.17262460355900139      -0.26055581125261912       0.48523851783521071     
  0.40578561328853324       0.13826049744995519       -7.1297120826370880E-002  0.43458164773168950     
 -0.21966781869886998      -0.12879243348421110       0.31468459775965002       0.40480592579884167     
 -0.25445467563114754      -0.28065783256409010      -0.21854083979620800       0.43735123137926246     
 -0.34535949181739439      -0.14153657927330787       0.19154677844741999       0.41951871256756029     
  0.34728462448232478       0.14358882974918813       0.33771374071019622       0.50524739791021622     
  0.13112938888530218      -0.24564825792849682      -0.33486543097466664       0.43551445454150811     
   8.2912302466527199E-002   2.4056146149425389E-002 -0.46601633091703470       0.47394553352599350     
 -0.12353853753882904       0.24535097794109034       0.42501466499508406       0.50605961911099528     
 -0.29022854527186287        3.8358497459215490E-002  0.30055426703361143       0.41956745613793955     
 -0.23245220586125656      -0.33951169859184371       0.14504153664183567       0.43627888883363114     
 -0.39792137067455718        8.1060219412397744E-002  0.25094820881319246       0.47737530300305026     
  0.22116315079319410      -0.24589208314021380       0.24832983654311569       0.41357437485576576     
  -7.8587386992281280E-002  0.11696209266972790       0.37037587909989322       0.39627566205228315     
 -0.42482527236653883      -0.14988754386517397       0.11994413900459636       0.46618599756834428     
 -0.12948766333270315       -2.1001898104179781E-003  0.40930714225590964       0.42930618730027958     
 -0.24695027353834137      -0.36339117473288302       0.10484307074480467       0.45169641680846490     
 -0.22428488771589933      -0.34122817385366822       0.18522002585358271       0.44838246560993511     
  0.13598146664618951       0.37658565137754291       0.22891330644370197       0.46120387461694773     
 -0.13972576513853333      -0.18457260211355853      -0.43611445191002746       0.49374705068415570     
   6.6042836321361487E-002 -0.45152451425481216       0.14244329878592815       0.47804407387962822     
 -0.23380520246876876      -0.26569653683003386       0.16989981311096003       0.39258816701484350     
  0.30177945331497802      -0.29039256194844359        1.2422322333577117E-002  0.41899044448558365     
  0.19925115124687021       -8.1500167981491956E-002  0.38270099768853505       0.43909378529650661     
   8.5781222378841837E-002 -0.17910676955776392       0.39311725101298711       0.44043027377580912     
   2.3349808622826512E-002 -0.23258047694187589      -0.37289266396380955       0.44009979624541939     
 -0.27784237931900041      -0.18208791560241944      -0.20415375235642275       0.38991172251585965     
 -0.13690828080732725      -0.17688558101019719      -0.30612138849074788       0.37913413274781316     
  0.29285806326108799        3.3782262859734194E-002 -0.28131454076206691       0.40748614374617964     
 -0.42657961060639410       -4.2656190274954285E-002 -0.17116933519670816       0.46161526844934297     
  0.43647050306947388        1.7555416629211944E-002  -3.3052403490952315E-002  0.43807208776555662     
   7.9221210321633262E-002 -0.42608463666229868      -0.13589624342971673       0.45419368857655473     
  0.14581178935934005       -3.4689152766126649E-002 -0.41749024739554697       0.44357921717118265     
 -0.38781461801777867      -0.18421459465865581      -0.13062699334417724       0.44877456057988419     
  0.25803454884929744        5.3253613168168928E-002 -0.32841080471349426       0.42103614140343149     
 -0.23430138161932529       0.16418932989630408       0.35158835270872263       0.45328759440443023     
 -0.18480590446523831       0.36173523791844159      -0.14578453856851650       0.43157703410024217     
  0.10535691054989689      -0.16467512067783163      -0.36991881196530418       0.41839921297332705     
  -8.3852128876197335E-002   5.5820727147191954E-002  0.42514970750374809       0.43692036675672857     
  0.26135284140412374       -7.1305986081027922E-002  0.33077643026776132       0.42755455579572532     
   5.5702868027936288E-002  0.12084516039075777       0.41473611508259889       0.43555987814560282     
 -0.17270168610925246       0.21428634679666508      -0.30844743679820857       0.41338158168431288     
  0.41136886255158744       0.16910123757008644        1.8953095124839961E-002  0.44517276358682689     
 -0.18062316236228337        5.7149327654492356E-002  0.40152349663502540       0.44397284915085694     
 -0.25159762195336055      -0.35835930721660503       -9.3546839084385935E-002  0.44774297040158123     
  0.18388477864253014      -0.38709625322100377        8.6988387581407381E-002  0.43729177976285460     
 -0.17340428983669398      -0.36436955255676862       0.23881487970834586       0.46889952584141059     
  0.36397248910287511       0.13174942870315864      -0.23990418070512742       0.45539861737509657     
 -0.18223164149565685       0.18035316886839720       0.33064382837039796       0.41840288947676663     
  -9.5604942828050904E-002 -0.40820328869759515       0.18234299746551652       0.45718617512059184     
  0.40325321202512776       0.32290354460121706        2.0938153645260780E-002  0.51702829555323704     
 -0.33361143556237938        3.0450463276534771E-002 -0.27611936565202866       0.43412639258610608     
  0.28489321464938511       -2.5763921067527215E-002 -0.22880806686758542       0.36630732294852614     
 -0.32541757775707353      -0.29697598813677251        4.2529999846283834E-002  0.44260607579428723     
 -0.26421180611289607      -0.13751493662266290       0.32715572447333979       0.44243542392020263     
  0.12118714632979916       0.29298752830072877      -0.24991172037474163       0.40371262570793293     
 -0.22141562846903426      -0.21570456799140103       0.31241982254579825       0.43949913162854193     
 -0.37438448156071807       -3.1641230564396695E-002  -1.3016791842677299E-002  0.37594460280072189     
   4.3151566485240524E-002   4.1511532809773828E-002  0.45672966187325564       0.46063787195714329     
   8.9590734280622530E-002 -0.44296036766806468      -0.13296738430697969       0.47108461265786233     
  0.14747983247675173       0.35148366065856890       0.12269628259188900       0.40043157025787496     
  0.13991656788129292       0.34952048442274802      -0.32191654881828224       0.49534985555853994     
  0.15722620827343092      -0.29021771328702795      -0.35954424702403126       0.48807629243968553     
   6.1259088022239068E-002  0.40822567859421316      -0.16634588232370714       0.44505261834425253     
   9.7518656394423572E-002  0.15627078801287128       0.43287197803193317       0.47043447673019867     
  0.13585408617675054       -7.9081558330894669E-002 -0.40094148192292223       0.43065566004118838     
 -0.23534705302911885      -0.33812645353480331        9.1139578478578925E-002  0.42192908967594001     
 -0.16844207771470721      -0.35006684614137706        4.5881678419199851E-002  0.39118366367574819     
 -0.33349483670110869      -0.14490916838178525       0.28173738877647769       0.45999285801193468     
  -1.4749641236978674E-002 -0.45525289883354614       -9.4416964139078949E-002  0.46517450159075430     
  -6.9888148913462594E-002 -0.30916165029856024       0.27643798108311285       0.42057488840774487     
  -2.8367211335026114E-002 -0.20089092148897844      -0.33036447420975146       0.38768872415315675     
  -5.8610957752995359E-002   1.6723560745618440E-002 -0.40280612172090041       0.40739132728688349     
 -0.37790025636278490        5.5831858821321696E-002  0.20938397772701811       0.43562305993518174     
   9.2168686303451361E-002 -0.35194380337853504       0.25127770686201523       0.44215381196738063     
  0.27204444422325352      -0.30556644773129665       -8.5139088141358246E-002  0.41788479027287423     
  -3.3172734691159986E-003  0.31870317255771341      -0.32272441546773845       0.45357884082110134     
 -0.16286870833202788      -0.43470010451820651       -2.1376073484104460E-003  0.46421435392182653     
 -0.16269085269923836      -0.26449544262621100       0.31528894828652082       0.44253053412579446     
 -0.26673273937543185       0.35001872782047794       -4.7654159065205079E-002  0.44264024100391025     
  0.37870318555912597      -0.24355636564305033      -0.14840782143524553       0.47408932434830964     
  0.18291781249325145       -3.8992426410807558E-002  0.34971529650302746       0.39658558225548113     
  -7.5798034546534748E-002  0.31198551271093239       0.14794411103544361       0.35350779648076885     
  0.12766740816630739      -0.48837486048208073      -0.11332032661329729       0.51734946398207349     
 -0.33745306883296278       0.18971638340440181      -0.21859005149808999       0.44457675424021881     
 -0.35358915554665371       0.13646324589684911      -0.26250006042266222       0.46103556275281077     
  -6.4890316556434902E-003 -0.17161140372318512      -0.43987553963813653       0.47221083404726305     
  0.34603107008432521        9.3248475994010468E-002  0.23093924270334817       0.42633990378488462     
  0.32578892310963870      -0.22578493652524351       0.18527149828760520       0.43754175579066784     
  0.30585562934556138       -7.3611472179802601E-002  0.40424828775343541       0.51223333842149676     
  0.29494703807775063       0.29506616210623637       -6.4040838364822245E-002  0.42208888195427646     
  -9.6809348481772292E-002 -0.11294122680365552      -0.41447126366544529       0.44035689965051195     
 -0.31203687912559414      -0.31341556684835942        6.8062981317857596E-002  0.44746944130654792     
  0.20133786335658097      -0.11616263129148152       0.29205533536045580       0.37326533597705297     
  0.21356356232787554      -0.10984650530558848      -0.34849279160988039       0.42322910543353537     
  0.30104590646634227       0.28247842205549289       0.14997674382919329       0.43922172124874509     
  0.12258858502597648      -0.41792851752235505       0.16867906474495362       0.46705977542530541     
  0.31409336846591346       0.15107982400680933       0.28247357274909324       0.44863245161025728     
  0.15420318946855549       0.38007360842018334      -0.10600479613604095       0.42364087180494953     
  -2.1414709447664566E-002  0.35243776457196330       0.26622189883279140       0.44220477959351312     
  0.12272998838666838       0.30971410104181651      -0.27680349981055508       0.43313468106456704     
 -0.15356502776237071       0.39452738435365470      -0.16909846349222951       0.45588196401264547     
 -0.39026044170314905       0.16460757608296628        9.2541036790751263E-002  0.43354666410036380     
  0.31757821723366719      -0.28403181343513073       0.12412617972981782       0.44377618638102051     
 -0.30270119418833574      -0.37330609829637423        1.1232231954473513E-002  0.48074069832185612     
  0.13218777824240302      -0.32602961187789214      -0.23741357131982752       0.42442210166854710     
  0.32242913197730638      -0.11456294600742979      -0.31240285365968434       0.46333654800830754     
 -0.20982091359909291       0.11149379941923118       0.28759329151328578       0.37304903754860369     
   9.6780942376835405E-002 -0.41604057611799738        4.9798250370564554E-003  0.42717807813761133     
  0.26836272152679574      -0.29863449209302600      -0.11099854978344260       0.41655946541514999     
 -0.45608747562369611       0.11911073551011898      -0.18316244979464838       0.50571892959363729     
  0.10228907727761630       -3.1825736297647393E-002  0.45167366738510772       0.46420365641634759     
   7.0172315731984042E-002 -0.28707483395693351      -0.30781489936407230       0.42671550997954616     
  -1.1365281311726223E-002  -8.8050016832593045E-002  0.42208101746163901       0.43131700683484187     
  0.32093343110258155       -9.0734324983512138E-002  0.22028407433206493       0.39969495660293713     
  -8.0224767082482926E-002 -0.22443647420607613       0.30362693260032902       0.38600137099209642     
   1.5538718278496552E-002  0.39989344194173626      -0.23545224513727500       0.46432098424896834     
 -0.36011553432610266      -0.21802771705078175      -0.10504500985649401       0.43388217013505076     
 -0.26581726832172370      -0.37449530391773983       0.15626009011111711       0.48510078185465549     
 -0.14661800384941220      -0.16136918230907016      -0.37333032081569967       0.43233364487654369     
  0.42738377569824959       0.25936611414099958        7.4440067204002758E-002  0.50543940932621212     
  0.25484471843215462       0.33185372433106791        1.6272682861099303E-002  0.41873323855727346     
  0.10843238089283179      -0.42784853704546005        5.4891932637730206E-002  0.44477530973147972     
  0.34001453365890233       -3.2212566364505313E-002  0.24265908303299452       0.41896415492197209     
  -3.4568242296255422E-002  0.38619049377249981      -0.31212903587524538       0.49775756738809113     
  0.40554507201243478       0.13870218492251912      -0.16491950770943137       0.45924236037083166     
 -0.36390390484874630       0.21650920290250061      -0.30251175782329970       0.52039951049840960     
  0.47344769672825759      -0.15698582275818740       -3.6271758581317572E-002  0.50011289780902324     
  -2.0317594851529883E-002 -0.35268879430378930       0.36287215155202185       0.50643695427960733     
  0.25474398964619621       0.28772731281937713      -0.20937314921481159       0.43762840677365633     
  0.11818134092225149       0.44780341849283800        9.3511752757775846E-004  0.46313670271405138     
 -0.20693819401177288      -0.29669406141464089      -0.18977097829218892       0.40848966501191103     
 -0.36012118348926186      -0.27442945454601519        5.2824733953855729E-002  0.45583905584912937     
  0.21795318759996155      -0.24280590257920895      -0.16935391736581984       0.36761263258957422     
  0.10790668946255635      -0.15509262169002169       0.38365468255344903       0.42765463914079144     
 -0.29883366765282754      -0.34531887659931665       0.14908050271512252       0.48038701455019406     
  0.31418742185150217        4.2780059636253989E-002  0.25520997602819107       0.40703316992167243     
  -8.1576743410418540E-002  0.25009937720350378      -0.45539340584134524       0.52591597962679348     
  -5.1462429619921056E-002  0.31595917933608519      -0.34190447061666468       0.46837725360736671     
 -0.45832412928786365       -7.9361972739056194E-003   8.7020464799894059E-002  0.46657963094056976     
 -0.13833950731881922        5.2410426066096909E-002  0.41825055570085484       0.44364197207851891     
  0.12981099134160470       0.34188200254506490      -0.20165006285542258       0.41760860262560423     
  0.42180045410670647      -0.20748779555219332        4.2814533239902058E-002  0.47201683512803150     
  0.20017220042465256      -0.32397837324533924       -6.0702695311037037E-002  0.38563676351142695     
  -1.9811184780622756E-002 -0.38145036640747804       -6.4517832454707782E-003  0.38201896625934395     
  0.10934376147044045       -2.5245492199929078E-002 -0.48259339417360703       0.49546924944836251     
  0.45271433548910034       -6.0907863109525097E-002  0.18763547548601095       0.49382902811273438     
   6.2356219697282687E-002  0.10824899105521968      -0.39126135227849868       0.41072081513627751     
   3.3540102369750545E-002  0.40965596325624465       0.12388938991412450       0.42929189094562337     
 -0.15748168216293046      -0.10915663486030006       0.36039677992706814       0.40816845803257595     
  0.13633286298686284      -0.36222910074426790       0.13057684365797717       0.40846894992872529     
 -0.40223253585991631        9.8118707406616972E-003  0.20611676806738771       0.45207455999013663     
 -0.31550995379527919      -0.24673331769684478      -0.19339634657501015       0.44477635714384905     
 -0.22930215898681819       0.37670329807565339        4.2020328576476362E-002  0.44300176400412405     
 -0.24255556108489496      -0.37524002569416859       0.21145953526790781       0.49432116296178141     
 -0.38527954691401378        1.6808546261443125E-003   2.9690599859239691E-002  0.38642552485898685     
   5.3487868142613484E-002  0.18405461371408594       0.35399722565963421       0.40255569632362798     
  0.41546557380388066      -0.17547944421844716        6.2835551130148687E-002  0.45536028026743008     
 -0.23342843611557063      -0.30875446910352633       0.21720186061408131       0.44384096840307591     
  0.27720058219120741      -0.28068355554647384       0.16268508569675116       0.42671988262736721     
 -0.42754646947995245      -0.10219951336240490        8.2910162984408758E-002  0.44734194887399675     
  0.37301942300613150       0.12900859798409917      -0.18058627341790137       0.43404851162124175     
 -0.38179450566154649        5.9578720839978054E-002  0.20245583291088948       0.43623965066224174     
  0.29337798011391381        4.1011359751424697E-002 -0.19632904808222551       0.35538382907112359     
  0.18237099943761059      -0.40938178286859883        8.8599213296188251E-002  0.45683962851010312     
   6.7225267756016199E-002  -2.3141221042950862E-002  0.40191830205274404       0.40815814859094457     
  -8.1074409148273407E-002 -0.16214521420671740      -0.36641883485751348       0.40881156153810239     
 -0.32160319873759169       0.15064407638723659       0.15509791299434364       0.38752757037921248     
  0.24201035641870972       0.12286748741844652      -0.34181293583919004       0.43646479260696308     
  0.15507967350626131      -0.34698674962820825      -0.20006210312374556       0.42950477838861545     
  0.15657370987585725      -0.24059121598369415       0.40205236728947613       0.49400968196572170     
 -0.33442046263068598      -0.23566066439736891        8.7927533988152909E-002  0.41845459228400061     
  0.41271248656917336       0.10044194104737650       0.16059715789165954       0.45410530410286265     
  0.20240905469173681       -1.7176853861422536E-004 -0.37158650206601829       0.42313825570762609     
 -0.40317091338715666       0.18813078986512510      -0.17168777349937309       0.47688224025002451     
  0.28410221103770156       -6.6947964582232442E-002  0.29973036464526281       0.41837111249295972     
 -0.22211346532643050      -0.21145182847038552       0.24555683955111127       0.39286693509776943     
   3.0870491542549554E-002   7.3171710943976634E-002 -0.47320264936218753       0.47982062679082577     
   8.5695822219214846E-002 -0.23997077084663426       0.38309445866618219       0.46009902093711341     
 -0.30825205265443179      -0.29592052146621162       0.12524566617795194       0.44528054065596012     
  0.28782664634980404      -0.31767342547001393        1.5046922892988958E-002  0.42893705072816357     
 -0.13669863718729833       0.17837976951370227       0.37354045700237526       0.43593386264222411     
 -0.38300399079400005       -6.1814871803919508E-002 -0.19071348143830624       0.43230170869727619     
  0.27157371883860820       0.13046259782895872       0.39495631071645565       0.49675271672217908     
 -0.32478432339773838       0.10531166716574397      -0.18345238196737459       0.38759538234563456     
 -0.12941339726353529      -0.38290089473803784       -7.1776173945377428E-002  0.41050303498112728     
  0.38296753812612344        4.0027452520629482E-002  0.27788625560074887       0.47485482335707591     
 -0.23223840232887910       0.24512944119340296      -0.33106329474204793       0.47289113290642321     
 -0.11781631776130605      -0.35753177574105072       0.21859612506192883       0.43530899518327487     
  0.29994677004197506      -0.33987254780947962       0.14647743547284708       0.47637910608655226     
   1.4311296560726723E-002 -0.44538436404794629       0.23690445177282837       0.50467391870139966     
  0.19945870492209244        9.2262678520642294E-002 -0.34609674867127066       0.40997455562245133     
  0.31858447374885429       -1.8591375241538977E-003 -0.39430980897984302       0.50693170029490997     
 -0.43285930640387438        7.1710863426923038E-002  -8.0382484287471717E-002  0.44606162226098722     
   4.9300683617621618E-002 -0.20162475504578015       0.32772530864535843       0.38792651002365269     
 -0.18492343588900373       0.26955988714904944      -0.28070608953220361       0.43087715024269302     
  0.27993712174833812      -0.13959230869966524       0.28927955235519554       0.42606744089600279     
 -0.10908608773745970      -0.43950238773296429       -6.7645914405495652E-002  0.45786252641660607     
  0.45179425760324721       -2.4901594477892093E-002  0.15209994806807772       0.47735996356326599     
  0.17776691719085444      -0.33950743809177647       -3.7228599512092529E-002  0.38503551263333269     
 -0.15271867366151426        6.0444513697817857E-002  0.35370039898385464       0.38997500530474477     
  -1.8709348797052362E-002 -0.32094336728817985      -0.24751116924427899       0.40572954494263219     
  0.41673638553956643      -0.17940496740979328        5.8254891421861778E-002  0.45743741619861406     
  -3.7552931207451429E-003  -1.4469360536269703E-004 -0.45679743587702398       0.45681289450549223     
   8.5416010564066572E-002   8.1291438470647709E-002 -0.37445542003552712       0.39258254472568044     
  -9.4478546566035548E-002  0.11516661770926914       0.42597359838061910       0.45126827066962782     
   4.0881781242714563E-002  0.33536497370532364      -0.26545377200515102       0.42965880730844130     
  0.38873785560145702       -4.4453883263648165E-002 -0.21747305076825291       0.44764695455826392     
   6.6521393305151916E-002 -0.29316849683740070       0.29555027959024421       0.42157185754154802     
  0.30516749292937628       0.35786677692925839       -9.3637282088939941E-002  0.47954537779811851     
  -3.0090968874752048E-002 -0.29513556659387896       0.30841620569876721       0.42793810885937184     
 -0.30868547987139239       0.38829620924034902      -0.10753412793777847       0.50756700076462336     
 -0.36490372781472613      -0.17061781680089061        1.0003570522212832E-003  0.40282275345022150     
   8.3742930081444650E-002  0.37480749896984233      -0.20551860028404537       0.43558171987052824     
  -5.4366052317256552E-002  0.36730941880081885      -0.30321437526063560       0.47938589273053872     
 -0.24776152791741804       0.30900966066667918       0.22086574278512142       0.45349136864700429     
  0.28143192571733100       0.19176486825160285      -0.31158162345569107       0.46158509679560061     
  0.24733923859197360       -3.5510170866592423E-003 -0.30229662458457013       0.39060537362513525     
   1.6521252420997480E-002  -8.7445463112226118E-002  0.48594615832201926       0.49402766075230953     
 -0.35261008260148247      -0.17351006323392157      -0.13300171666251878       0.41488440441988256     
  0.17357409648686423      -0.16363234516892283      -0.37034242949875273       0.44051904208984133     
  0.16167872590165186      -0.32206879612470407      -0.16537783024495728       0.39650743572211555     
  0.34540182188606688       0.23093162194423023        3.1410926838415891E-002  0.41667550792055857     
  -9.3011746403513507E-002  0.14575852144362467      -0.33617886521623697       0.37803830620790257     
  -3.5841405011698815E-002  0.13665316985313322      -0.37985978995909242       0.40528034145747521     
 -0.30944088543101955       0.10206972096528272       0.28659744132013992       0.43394698165273038     
 -0.15642736314369249        5.0830076460062025E-002 -0.44429822289227838       0.47376589944640496     
 -0.14158033000403480       -8.2257159356112247E-002 -0.40048468336860005       0.43266524210090657     
 -0.20176633125175153      -0.32191283452578329       0.26309864043296521       0.46212381463942170     
 -0.24793317970528950       0.18840223570435108      -0.40693185269318505       0.51240589063112973     
  0.35766536796376125       0.32559265700337892        6.7004729231138621E-002  0.48828754589330953     
 -0.42896580659829542      -0.15410817253431819        8.5298622883042421E-002  0.46372065636343707     
  -9.6739374614820531E-002 -0.39483320890335549      -0.18502300626357793       0.44663775288325031     
 -0.22854266999870237       -7.3377392402547859E-003 -0.36298000511287692       0.42899892603483042     
 -0.36624718064604089        9.7837855648603242E-002  0.11326897917373578       0.39565023059787391     
  0.19010224510764154      -0.20553976231687679      -0.40551887148731314       0.49277886787136888     
 -0.36712436737005183      -0.14631217332086546       0.25604637283273679       0.47090051838953906     
  -1.7264225281032525E-002 -0.42594229411605911       0.22350193581983774       0.48132941599970858     
 -0.37172092248786476      -0.23625196621050010      -0.15554117001322085       0.46710222791444495     
 -0.22568281832019643        3.4444347934722577E-002 -0.34086142671471042       0.41025072798422052     
  0.15862201860526245      -0.27327165481592297       0.30300114013937607       0.43777623626460471     
   2.0334165322656379E-002 -0.15932969651002163      -0.34994242609560927       0.38504432478745310     
 -0.23735894518863943       0.30151202112673292       0.26349767846223610       0.46548876925225480     
   3.2001974330484712E-002 -0.13355881394105606       0.43819626990350080       0.45921460571254957     
 -0.14893193814774164       0.13366466285877024      -0.45011082604755659       0.49259183917601113     
  0.43464031038750994       -7.3212367224465558E-002  0.13156489454946030       0.45997996870099850     
  0.34847061056935319      -0.17292461523290745      -0.12228604250044010       0.40778494966642198     
  0.12033767186604573      -0.34538484873106079       0.36747742324039290       0.51847035170250255     
   1.5885351314085180E-003  0.18039536099960748      -0.41120295799932133       0.44903550236193357     
   2.2213778391839155E-002 -0.27909384495629291      -0.35916373448522843       0.45539588756630717     
 -0.19773525936581096      -0.18993114051556809       0.31294536813535062       0.41606234433240785     
   1.9969075196922880E-002  0.32757536017638700       0.29657619610069158       0.44233677289195150     
   3.7165773746570173E-002  0.27901826778637617       0.23631711339743994       0.36752995331154936     
 -0.18285447818536282       0.17492807831827165       0.30840809853026213       0.39893752395032556     
 -0.43256904736841084       0.18848390350270847       -3.7013484465499492E-002  0.47329922950825787     
 -0.12693519473510098        8.0619592041375587E-002 -0.36223699425053657       0.39220874835604969     
  -6.2044966569233077E-002  0.32499090740471015      -0.29017950490193262       0.44008273408240506     
   5.2745655900569482E-002  0.29334429036828308       0.31275168988902968       0.43202615249137022     
  0.21227695402860466       0.30418120911872398       0.18132728321881589       0.41287685431870347     
 -0.12158814988378268        5.1429931788300479E-002  0.39094491503638645       0.41263378759951042     
 -0.10565857771558679      -0.31371440836552550       0.30189208572883547       0.44801707164651544     
  -5.6461395261896793E-002  0.25413031043832857       0.38318160069867513       0.46324749643403396     
  0.31838009371447495        6.7881918809119299E-002  0.22223721195338497       0.39416141027713442     
 -0.12780940958394160      -0.16964672699360298       0.40011631915565121       0.45299925608383151     
  0.43393848714734601       -4.2822087278760520E-003   8.9055332891473771E-002  0.44300316054823774     
 -0.36449293957014312       0.27020786509089889        2.4772221909065244E-002  0.45440186655842141     
 -0.25314003980585492       0.27969851373670401       0.18128088663632885       0.41853780976046179     
 -0.48072103166859392       -3.0045805006597627E-002  -4.0212171339415542E-002  0.48333474881374117     
 -0.30922066367332179       0.26208949214910665        7.0076949066699937E-002  0.41136249163972533     
 -0.26290796592258225       0.18368834061607375       0.31435022672240598       0.44908581592415547     
  -3.7403138844297107E-002  -2.4229627182563634E-002  0.49596646297356239       0.49796465941200874     
  0.21123929077695636        9.3156226689804431E-003  0.38989023009124674       0.44353490315224087     
 -0.12135484942563488       0.32517394646172604       0.27099381046314008       0.44034388862109153     
 -0.15793507297725370      -0.29027364326947280       0.31106482095035087       0.45383212544523271     
 -0.37329690459441167       -7.6149041471607250E-003  -4.1415824014123387E-003  0.37339753407022847     
  0.43463290829921641       -4.3579439462935604E-002  -2.0620775342467833E-002  0.43729869528305626     
  0.21360946970721312       -7.5028870179916940E-002 -0.36629327606006212       0.43061479421390592     
  -9.7334936148474147E-002  0.12728426852777736       0.49827245404089388       0.52340310781042709     
 -0.23519979218306836      -0.16828903124790906       0.31025859923436999       0.42414683622560678     
 -0.29569823350469143       -6.1666112844916084E-002 -0.28722976981245174       0.41682261867335241     
  0.41448852499593009       0.17833138365841991      -0.13299173672610620       0.47041430865594880     
   1.9985491489430848E-002  0.26183004482454253       0.43356841745984354       0.50688851324677819     
 -0.26578591281618408       0.34873778858578991       -7.5900442093625536E-002  0.44499558846043308     
 -0.19556725447696144       -5.2425566748112981E-002 -0.35855449186780886       0.41177216359426244     
  0.20890780814108031      -0.33843630341370162       -7.0990247212487506E-002  0.40400645906956933     
  0.26156405070288935       0.25924309378091903       0.21721580032441479       0.42755752619242021     
  0.18981456235386387       -9.6134021505484626E-003  0.37422329380749175       0.41972021539428539     
 -0.39405353574504781       -9.3320374233552494E-002   4.6264683878868562E-002  0.40758717135684680     
 -0.38076427736911411      -0.12593238617070951      -0.14268077209210031       0.42567382293473277     
 -0.23120077235032685      -0.37597014302075932       -4.5264790607307398E-002  0.44368485081999504     
  0.10964756440053613      -0.17397121415838715      -0.38924825018315817       0.44023036243012997     
  0.41930318479965978        5.1610903679237055E-002  0.21323092907102315       0.47322962214364483     
 -0.18252368590537224       0.37857932530805055      -0.23443280831870772       0.48124416160965289     
 -0.34564786784917190        1.3546114176273823E-002 -0.25835823837875432       0.43174636662759364     
  0.22454615232202133      -0.37135064063335255        9.0563199244752285E-002  0.44331023660510077     
  0.35626071583737479        6.4609387785935668E-002 -0.25572738467166273       0.44327481984660561     
 -0.25243895584092174       0.23405513323656169      -0.37893434578346052       0.51195553540788941     
  0.14990959789535593       0.16392056786510473       0.40416600723202595       0.46118651488551110     
   7.8643744131985951E-002   9.7296328915411068E-002  0.37630852449225355       0.39655960424260328     
   6.6616282199301574E-002 -0.23006166082696208       0.37086895654317831       0.44148599045036868     
 -0.30810297842165296      -0.21734591440151724      -0.29349226514079535       0.47781209854586154     
 -0.24728858528362183       0.12863636035828191      -0.31286080715757242       0.41902367746117708     
   5.8308382606290572E-002 -0.35070829753572719       0.24143757856348991       0.42975374551616313     
  0.19956007734698006       0.29584959089765439       0.30765873066173804       0.47117417104233761     
  0.14827703518454283       0.16784623048215350      -0.36271831409864663       0.42628982116953112     
 -0.29130971701436770        1.3722066509888040E-002 -0.29293563383759824       0.41335327736468741     
 -0.12886082842661614      -0.42856327538879013      -0.17410544463290301       0.48019194075450977     
 -0.28806216592844769      -0.16747101083896834      -0.31550435754103262       0.45887836137498805     
  0.23266255241918604      -0.12191096054103835      -0.28543594571442693       0.38790182353804215     
 -0.16391838865506336       0.23028528096876394       0.27994561826224196       0.39783174578502889     
  0.24349670860028605       0.44344441206023982       0.11699457450139936       0.51925073341246986     
  0.28943341745088969      -0.32872820309412498        7.7527197542029830E-002  0.44479703349450767     
  0.45311644262232992        2.2366267523273170E-002  -6.0519057716065569E-002  0.45768692011513540     
 -0.32259796911214461      -0.33387836709908086        5.4162859407814123E-002  0.46741611978114261     
 -0.10839469409217670        7.8647224122653583E-002  0.39747081238743820       0.41942560993514161     
   8.5773819592562500E-002 -0.35479119383542890       -6.5171433469820794E-002  0.37078464786338933     
  0.32490851815805744       0.32042429436905862       0.11110011210729448       0.46965999244541501     
 -0.33868564936337736      -0.12795559900701542       0.19396682474888138       0.41073560048418006     
  -5.1358811331963308E-002  0.21802123519823322      -0.26898182395241516       0.35003172444160485     
 -0.33491047977752375       -5.3021741781278435E-002  0.30376939680531156       0.45524958100122898     
 -0.32274589444357221      -0.23085837284287947       0.20798958126831324       0.44801804272597290     
 -0.22285404534149530      -0.26027465991579224       0.20900524212706828       0.40136020649280241     
 -0.27325009874359313       0.17663196354273722       0.34803501199426884       0.47643765235568558     
  -8.3346033179277787E-002 -0.27461068452464316       0.35760740513905132       0.45852006009781071     
  0.29377268388466649      -0.30038238375195730       0.25910249761555648       0.49362543546289001     
  0.27457711058317991      -0.29022327278985094       -7.0311958424217502E-002  0.40566723952336714     
  -8.8338894731203738E-002  0.15444100583195408      -0.38064888618615894       0.42017777090117431     
  0.16515385237601166      -0.19416371426333762      -0.27335370667683562       0.37376141032099336     
 -0.16198088762330312      -0.47838017487981116       -4.5604551770903362E-002  0.50711455788164561     
  0.28372632205732340      -0.17057195558371216      -0.31112866483358614       0.45430877598936809     
  -6.1650219158572335E-002  0.10052329409651117      -0.41102004254604818       0.42760163417937136     
 -0.14239721250420675      -0.38208748630599415       -1.2160892522514975E-003  0.40776131767698481     
  -7.3773519993058922E-003  0.45942118652403302        3.1965098423704791E-002  0.46059094592372213     
  0.19273745757428346       0.28413813797268977       0.27414348818013351       0.43935960341656016     
 -0.30574652305251215       0.32287158081390421       0.12391886439141858       0.46160901096927104     
 -0.23211365378944404       -3.7202067738691731E-002  0.32297845183410540       0.39946942620014819     
  0.11535410553435628       0.41516030743377630      -0.23468404355224687       0.49065390126867631     
 -0.42722816948173414        1.1710141413707135E-002 -0.30935562541179185       0.52760016981096891     
 -0.26781103090817510      -0.16001014537163993       0.32413636953680736       0.44987818457272921     
  -5.1674246002390609E-002 -0.25184423467380468      -0.35109681949266280       0.43516057139429970     
 -0.42312884478300222       -6.7306739997905596E-002  0.12119931363934869       0.44526114827502394     
  0.23482371029753943       -9.1304932761819182E-002  0.32044527771006320       0.40763211560330054     
 -0.13315293433173264       -6.5920194217863687E-002 -0.38477823532249866       0.41246753363721578     
   5.9469965873031896E-002  0.19656231316840675      -0.37842770887769761       0.43055888174032347     
 -0.30675964140224160        6.9869690520553390E-002  0.26183928395395728       0.40932024365793446     
  -8.0757731412742853E-003  0.44081350316822437        6.1655828935817940E-002  0.44517772173485315     
   6.2826312064056936E-002  0.17584989974934390       0.37682536225777719       0.42055640093824465     
 -0.35712502408285635      -0.17128899756851171        1.1909859342123266E-002  0.39625755294221898     
 -0.33138209519939210        7.5790611984179190E-002 -0.20743470949192819       0.39823042147188609     
  -2.6603387840832146E-002  0.10332827568263964       0.42889978902498771       0.44197228626446283     
  -7.8449315887253845E-002  0.42066214706866001       -1.8667087838044463E-002  0.42832160499786415     
  0.21129804426734672      -0.36746321600151449        8.2502347113340743E-002  0.43183644578079727     
   7.5909060352946478E-002 -0.41739526331651983       -7.6506757586875668E-002  0.43108499769673170     
  -6.6926608412602603E-002  -4.2077404445170649E-002 -0.38597317710397305       0.39398600523646937     
 -0.12873699502565358       0.30179413260029020       0.25761003814578542       0.41715206353759021     
  0.29915356823103406      -0.15212274727534947      -0.33890122253673427       0.47695725831656327     
  -3.4441817996271495E-002 -0.46356714711069974        6.4235712442692827E-002  0.46926215004010474     
  0.38462563391185067      -0.27054081075314179       -9.8472664721210496E-002  0.48044362233497928     
  -4.4794059126729941E-003 -0.32398645705206552       0.21743339129528788       0.39021092896105586     
 -0.21045421122716007      -0.10834680902905458       0.33281377048425248       0.40840545034802023     
   7.9088057316910723E-002   4.6960052952835861E-002  0.41116290389205695       0.42132540977306954     
 -0.11144293897067570       0.31161248728878682       0.24810261241267084       0.41361428549642487     
 -0.46454849189263669       -6.1421982563342609E-003  0.12521766831306141       0.48116784220987080     
 -0.10513049837265233      -0.39247818220822084      -0.21616950049199946       0.46023993540381974     
 -0.36557346643936944      -0.32115531635817773       0.12225667611874816       0.50172840406461194     
  0.42758338449913896      -0.28781394071176009       -6.0723873757969424E-003  0.51546220914458207     
 -0.23710202531909400       0.20182928656356036      -0.29489357458809262       0.42885271557787180     
  0.20243699424731398       0.30850220667519973       0.20700216569941904       0.42308893245700063     
  0.15380301237331004       0.12153564649474981      -0.37399794186004021       0.42225672345096810     
  0.21891995928423133       -2.7964735189073320E-002 -0.36897408342873755       0.42994168119557968     
  0.19076983283994950       -5.0617470284137440E-002  0.38647612180288093       0.43395742895305189     
  0.24290955178803170        6.1491688748584690E-002  0.35193549204114322       0.43202415290496998     
  0.28900138987777435      -0.28906146018769530       0.22125799080016034       0.46479396468763634     
 -0.14886562152965610      -0.29677203820907555       0.17424173591294184       0.37495972913118975     
   7.0216838166422130E-002 -0.21282615686047668       0.29766184280555064       0.37259622927303770     
   6.9576310572875194E-002 -0.21571012901929379       0.35729933105613959       0.42312472715219374     
  0.34429547044615827      -0.23589862874146778       -9.7673229023180846E-002  0.42863456892749680     
 -0.26445930720766275      -0.24745443238032533       0.22538662495715844       0.42658123726085839     
   1.5429647010519937E-002  0.42659799764905693        5.6469188229469744E-003  0.42691429268325859     
 -0.40584147098493761       0.14632013999774338      -0.11442559865549770       0.44632958737668987     
 -0.18651324654010817      -0.40604586965864498      -0.16393831936077002       0.47595820400179079     
  0.28527203184134142       0.35944261325287152       -3.4914312707897105E-002  0.46021531222331741     
  0.30191280007948995      -0.29588078503664472       -2.1406093578235856E-002  0.42326705358203753     
  -1.9118628486452093E-002 -0.39489539947275626      -0.19177033655620929       0.43941297257003292     
 -0.16290674635946376      -0.12500304047275657       0.31999041744492795       0.38020814745799375     
 -0.19977376114444712       -2.3072938589829478E-002 -0.39182768784395433       0.44042122235208869     
  0.37009416913960647      -0.17321889057254769        6.6259773615448339E-003  0.40867882457782861     
  0.19504828282791725       0.13470612436169382      -0.38403934949195473       0.45130454743207610     
  -7.7756724200093705E-002  0.22291113375257468      -0.41390085489785522       0.47649700879896728     
  0.32758156065230393      -0.12326693379613959       0.27333119503035991       0.44408823225078320     
  -8.8400436579910091E-002  0.37703637690839170      -0.19055271170817828       0.43160329312815215     
 -0.14354224456197889       0.32843932064661407      -0.28591139524649789       0.45849982470280126     
   3.7555779397381223E-002  0.40647188270360513       0.21511556638456369       0.46141579393829779     
  -2.9423572659449809E-002 -0.43993563694782079        4.3590143596548968E-002  0.44306795404711730     
 -0.43933692994440265       -7.2662710885907270E-002   8.2919200927233511E-002  0.45295960244670036     
  0.27981700152744093      -0.39788406565737111       -5.1110195042069345E-002  0.48910278683021779     
  0.28009417798451047       0.28355928437168082       0.23726232962245802       0.46384483327086257     
 -0.31765570177902558      -0.27352069866858841        4.1866314399878618E-003  0.41920907117534117     
   9.3839711745621196E-002  0.39597331643374156       0.22736636348893691       0.46615042858954953     
 -0.31462386677786969       0.24975363970209224      -0.14924942399847349       0.42853290265110022     
  0.27395371103095634       0.29352495009562801      -0.23808933576790239       0.46679124233716573     
 -0.20600692109023255      -0.13608491610550461      -0.38237015569348048       0.45515370139500794     
 -0.22293163992184745      -0.22317694852973288       0.38050530824458850       0.49425778297928358     
 -0.36011042578962404      -0.27912560275294201       0.16437841475568729       0.48436647707306324     
 -0.33131659339217467       0.11443032827377958      -0.29442305083083836       0.45776622630593772     
   9.2192041168066605E-002  -9.1051481940535878E-003  0.46660942534721167       0.47571696627430188     
  -3.0269670633138110E-002   5.3733560184197816E-002 -0.41308643424624930       0.41766487835175742     
  0.10153254577946075       0.40746215015788678      -0.23002092001601657       0.47879419932655959     
  0.27413415004102826       0.23400848923264853      -0.24756380011462481       0.43726118096494393     
  -5.7962811740600306E-002  0.41255130743596202      -0.29133573500330029       0.50836480926782412     
  0.10283222919117255       0.31277367009564894       0.27211105311166700       0.42713728623367464     
  0.21147807771738003      -0.20962294217250044       0.44010839815950809       0.53137572147268997     
   3.3621776192166941E-002  0.30280701273566263       0.26391152108294308       0.40307791028103318     
 -0.24911926309670751      -0.28430457815635768      -0.10580786699760554       0.39253637427007199     
  0.38843140162867473        2.6978339805302596E-003  -8.4197023720083475E-002  0.39746115644515956     
  0.30257013803965294       -8.2530389116770575E-002 -0.29669584795875947       0.43172720525473895     
  0.31719690519478810      -0.20462923214357193       0.18970355914577705       0.42246235295632506     
  0.19733239632806390       0.22953142278582001       0.25962092956962540       0.39878286793348500     
 -0.36512431039064330        9.2381340740972789E-002  0.17947433158339393       0.41720631569122796     
  0.21455648912693775        5.5222535433588106E-002  0.35014900895083650       0.41435292193424272     
  -9.5015017044441125E-002   8.1406950175221968E-002 -0.41248200601767981       0.43104100766534470     
 -0.41970632567406080        4.1558821999695003E-002  0.10626041594025035       0.43493885948788036     
  0.19890915115420257       0.36056262983266862       -9.2847264308346764E-002  0.42212661007602853     
 -0.10989732124189602      -0.16288745353971223      -0.41041777196037710       0.45503020919244086     
 -0.28246707263867060      -0.20372848752978340      -0.26975029278186469       0.44052033348318309     
   2.7689789860325838E-002  0.12267605828348335      -0.40074081641371073       0.42001112089849363     
  0.17067527858573661      -0.27018353253172356       0.28287092046012768       0.42678466422025946     
 -0.12146878713989352       0.34896665288174228      -0.29933600759721546       0.47553594660862747     
  0.38335261918493801      -0.19803694784070958       -4.5661477456135906E-002  0.43389265247235198     
  -4.2869129237268544E-002  0.10745552526988306       0.35643029207246901       0.37473591402406797     
 -0.38655462482131087       -2.7625831276392648E-002   3.0385490468848170E-003  0.38755244458623461     
 -0.10372482469626979      -0.37438530333016401      -0.13951419337541232       0.41278009249609260     
  -9.1805776836000275E-002 -0.38999355657896906       -2.6823449530115062E-003  0.40066253856334261     
   8.6167602148705016E-002  0.13406514614061973      -0.32953291839928128       0.36604680490138225     
 -0.44733532439238949       -3.9405846334020125E-002   4.4974433976841907E-002  0.45131409559871061     
 -0.36151478263852960       0.15626422387280781      -0.11368189103295519       0.40992074609317225     
   8.4805956704129881E-002  -5.9582539883880096E-003  0.41431175414241822       0.42294418154605279     
   3.1457322383330391E-002  0.27175690998137353      -0.29698466777435673       0.40378369722810525     
 -0.12065785773140597       0.43412133287445209       0.21604046008165159       0.49969303645469659     
   3.0726102106346867E-002  0.39540573955523650      -0.12538355677592369       0.41594570382882240     
  0.19244763104057044      -0.22896217763980556       0.33684648023278912       0.45047233070179593     
 -0.27984514533725646       -5.0645138794447202E-002  0.30497601208133890       0.41699952445701421     
 -0.13713287575631319      -0.39492805677137965      -0.19295224184424689       0.46043909833020830     
   3.2111219283264256E-002  0.46676445456471061      -0.13067191067276790       0.48577292502549119     
   2.1001015801201776E-002   5.0414705482494451E-002 -0.45516340367247854       0.45842819419870395     
 -0.29743511414495050       0.41356889998596769      -0.13839097795963376       0.52788156336686631     
  -2.4733133751184487E-002  0.32593929527339272      -0.19771572515809210       0.38202049694127682     
   8.6016897241574297E-002  0.10995667300813679      -0.41454823677655567       0.43742384155946179     
  0.22424827282773918       0.33033660848902507       -4.8924909781657186E-002  0.40224769678818406     
  0.37403050066515742       -6.3320934327494985E-002 -0.28095940199373404       0.47206624717364820     
  0.10969279797961089      -0.38256527476566138       0.21362506368863357       0.45169056578712652     
  0.19796182498352174      -0.10128790850216979       0.37168693753234450       0.43312735320194612     
 -0.30459291929659293       0.27248045362652018      -0.20190270835881580       0.45583675557896819     
  0.38197306112169865      -0.21788576131793358      -0.16834780370672031       0.47087005364607004     
 -0.32783182230449925       0.34528739038282441       -9.4382952154449196E-002  0.48539182866037084     
  0.25248592541264181      -0.35816787690845409        5.7898552074754944E-002  0.44202444832038507     
 -0.13417391157941538      -0.40775009831030518       0.18189398763838172       0.46620618181184176     
   6.9737776983217231E-002 -0.31722335084689984       0.26547670341938179       0.41949003792643119     
  0.39504001789977239       -9.6585397070818729E-002  0.20102226972238671       0.45364667704494455     
 -0.40255352506775988       -6.0241584816703303E-002 -0.21598832784407013       0.46079208635846292     
  0.24762292396995766      -0.28204700265496152      -0.14180835063795091       0.40121968108847222     
 -0.27110065809004957       0.25614364347027224       0.16226091405204321       0.40673546333715288     
  0.33929049416355705      -0.17694627813626490      -0.23075494752941986       0.44685106085286680     
  0.33976872328934621      -0.23735741754105469       -7.3968607668453992E-002  0.42101387614642888     
 -0.21397666481662361       0.31007290784999514      -0.28418092300990799       0.47190043258229858     
 -0.43734317438806231       0.19084259404107939       -4.8988857813224422E-002  0.47967682461632394     
  -9.5927956678249666E-003 -0.28945582835787365       0.28365352556715712       0.40538379452778489     
  0.28610730883602487       0.20571347552474054       0.18237181879288503       0.39678067804731298     
  0.20024954605820000      -0.32734199953139342       0.17659087669622758       0.42241804304038455     
  0.19255841810796775      -0.23277271701718746       0.19964085142613541       0.36210268119686556     
  0.26792074757117607      -0.26733756803741893       -4.8437103678234193E-002  0.38157182191036515     
  -6.9903947419055978E-002  0.32362435428916375       0.26112394703805475       0.42166930202538716     
 -0.37812825812287848       -1.4735671961244874E-002   9.0866075927693954E-002  0.38917189437790739     
 -0.28359651604162484       0.40832065520023852       -3.3033307224211245E-002  0.49824084613795844     
 -0.35064818933587888      -0.13350668400882720       0.19449933006847286       0.42262060616662789     
  0.46491687093634065       -7.9035550580117284E-002  -3.8227092876422217E-002  0.47313383494157646     
  -7.8418864556299511E-002   7.9513634411289669E-002 -0.43363718816564117       0.44778694413280429     
  0.21226228128391053      -0.45932351134709443        8.4731740140604972E-002  0.51304271939023693     
 -0.29795090630410376       0.19704344435060533      -0.26876026315820567       0.44702677837223004     
  0.31645751006452544       0.33603050208554436        7.5841081374301234E-002  0.46777529181448396     
  -7.3659609466163123E-002  0.49286403522775879       0.11748854465130573       0.51200024747257589     
   3.0653875162799507E-002  -7.8754881845274238E-002  0.41865355890871975       0.42709810800786330     
  0.37565195535508156       -9.2789012407347132E-002   6.5804450314010179E-002  0.39249766632014010     
  0.12834035432748775      -0.37551959675092472        7.6819977319491417E-002  0.40421222520879968     
  0.16831880481331912       0.20148421116748122       0.33490816731130318       0.42554739798920432     
   5.0720521038006380E-002 -0.11320951323125059      -0.38396311523953974       0.40350543863109900     
  0.15167477603516830      -0.20922357760157734       0.34247964857131830       0.42903619054254083     
   1.3156531350433452E-002  0.13059095861733205       0.47710015648751147       0.49482487014112031     
 -0.19483112164916039       0.44594312620237625        9.1632187798007907E-003  0.48673237240666956     
  0.35488609248464487       0.13768901902453090       0.25540907874954916       0.45840615408898139     
   7.2229871097146486E-002 -0.35278450712296117      -0.22865046457712185       0.42656195059573082     
 -0.39753941830261519      -0.15081039168706151       -5.5377052494167134E-002  0.42877497745102655     
  0.22675453989875088        4.4176406357207335E-003 -0.38371689504431489       0.44573062768440130     
 -0.37586813341791758        4.3100230225553718E-002  -6.9496241188332558E-002  0.38466116401824618     
 -0.11023423354250886      -0.31584790940009244       0.25907713970633323       0.42312226653241530     
  0.12737476829104238       0.19035015857919116       0.34336391999513610       0.41274240880087204     
  0.29362279215545650        9.1385791704437475E-002  0.31652949591504898       0.44131239364292529     
  0.30458475460649836       0.12209079653692226       0.24890318856001686       0.41186263803975259     
  0.29893513689534218       0.23118445240831417       0.21980267164992662       0.43717465796911703     
  0.14353954784012032      -0.30645759020758967       0.26633281959128879       0.43064257474317974     
 -0.30302482389729940       0.21399975893501172       0.31398524042006437       0.48601097922153780     
  0.15718594848051157      -0.32258321498017178       0.23750907009530062       0.43032303141267741     
  0.31452586467533489      -0.31793163277502057        3.9849596951781793E-002  0.44899335523588441     
  0.33140144077418993       0.18582240049550419       0.30909113404000932       0.48978996377555500     
  0.33477952773764580        7.3451747223753833E-002  0.23010922176938486       0.41282289823334090     
 -0.28686780525131073        7.7048191070206468E-002 -0.34164588097277010       0.45271566067737834     
  -7.9383894800824001E-002 -0.34555944024283480      -0.18266740392509717       0.39884898138446362     
  -8.0500582186732408E-002 -0.30791375236030699      -0.19514967159053057       0.37332910005369158     
  0.30957471005823067       0.18451850666742717      -0.28405475372415262       0.45887981381152948     
  0.35669450811866477       0.15435205334445401        2.8283868931441483E-002  0.38968641974720691     
  -3.7397810133439145E-002  0.27946728904048479       0.33944108269970202       0.44127181019272077     
  0.34559623920658894      -0.11643320887544489       0.20827673492584195       0.41996744039763401     
  0.22744335085714062      -0.34862466386956109       -9.8028321915554599E-003  0.41637210476479403     
  0.23255235219928869       0.41112922090495169       0.10948882405012061       0.48486661607829101     
  0.37853161337351982        8.3191915568722491E-002  0.23965058972890094       0.45567475494760878     
 -0.23137817237599753      -0.25363101347604883      -0.28549742298911390       0.44651240540702730     
  0.24447741817836516        2.8636252480757515E-002  0.34020383442401914       0.41991414826379253     
  0.16908296735506267      -0.12360009125947090      -0.44346532027579671       0.49043605362601317     
  0.16241846638665058      -0.32327323906322902      -0.14395846380777705       0.38937049788051253     
  -3.2913721900363339E-002  0.25128110196892922      -0.44407095903776400       0.51129690196281585     
  0.18441704433543249       0.31144175012717512      -0.25369854130417419       0.44200515814135072     
  0.21222927299295608      -0.21277926593067520       0.26601631972657658       0.40134892884619472     
  0.25012246969990493       -4.5886974459332049E-002 -0.33021812985936122       0.41678636921284407     
 -0.12186095466837314       0.15014029420930461       0.42542418174907015       0.46730924946421692     
  0.40082371277486617       -4.8600210738030621E-002  0.26549717082360419       0.48322911431509119     
   7.5682426465426625E-002 -0.38919476942704434      -0.21421816947261127       0.45065488165253614     
  0.10317466640898088       0.22189791449736671       0.35133392181192835       0.42815793915637640     
 -0.34912540043802481        3.3581446552343436E-002  0.37526985390676859       0.51365720284521132     
  -8.7644026105524533E-003  0.30641609283607418       0.23603733778692329       0.38688662619892100     
  -2.8906183231845822E-002  0.20480177683841286       0.36114764593407656       0.41618139961911949     
   6.2566627705501032E-002  0.50809805354075610        8.5118006067369051E-002  0.51896366912456271     
  0.21355086707923907       0.32314477612466991      -0.12530812303953848       0.40709783205840089     
 -0.13648679362299818      -0.47063636480285770        4.6087953370078753E-002  0.49219034138651885     
 -0.20123264393693008       0.13173069519577774       0.27268794726955603       0.36360180091508670     
  -5.5925592940033769E-002 -0.38854455559600232      -0.11142523598500401       0.40805652407883775     
 -0.20814000746406836       0.36454315080835820        7.4320100046339960E-002  0.42630675432055470     
 -0.32073227669608734       0.26919052554938838       0.24332363992254674       0.48429239732352669     
  0.32629989128112868      -0.20476459475008435       -5.9633623263641106E-002  0.38981576075986535     
  0.17417341318632795       0.39308585377438637       -8.7556186450593876E-002  0.43876981674254295     
  0.39973244627194665      -0.24190183604209692      -0.13088420892124586       0.48521459482174750     
 -0.33652482483334534        6.7366596933342932E-002 -0.21555866716097877       0.40528108159610765     
  0.11564687845968993      -0.22933810903711499      -0.32788050336863106       0.41650425357186549     
  0.34399661619767641        1.9103289776592064E-002  0.22780029426277060       0.41302733771742617     
 -0.27824022442373653       0.22392421193904430       0.30608760163068627       0.47037144370371697     
   8.9693956344780196E-002 -0.39018860390283033       0.19621225436117196       0.44586029334525001     
 -0.37307864644147792       0.27013693420039758       -8.7839061608389168E-002  0.46891080217247888     
 -0.39646340831008670        4.8321990099527090E-002 -0.10905165954637208       0.41401752777611617     
 -0.27420774840765250       0.25693676769056761      -0.25833987136133557       0.45601083431543876     
 -0.12418692075266775      -0.42266058855688171       0.17836536403068182       0.47526683819837112     
   4.9014341012585318E-002  0.40276217812928256       0.13588116730532782       0.42788254157490513     
   8.6692832335223069E-002 -0.36046613870566796      -0.23818652046164462       0.44066348029000812     
 -0.38701487115412808        1.0010382908982138E-002  -9.5256517622968551E-002  0.39869101119800243     
 -0.40176485919964744      -0.18678483610809637       -1.9439886583137462E-002  0.44348786485991498     
  -7.1441366175258592E-003  -2.0160691694064065E-002  0.43652057788836107       0.43704428505310727     
  0.38673284259197860       0.13157079417212963       0.11662896509867353       0.42482405878003732     
  0.19445993807619832       0.29516643796106579      -0.29856691928789997       0.46268790659394804     
 -0.16795218936797013       -3.0001492174846718E-002 -0.36606176183363615       0.40386785081627585     
 -0.10316335684258639      -0.17931948070404552       0.39446471648019926       0.44542178539312977     
 -0.26949598774654676       -6.3225009099750859E-002 -0.34951754338500002       0.44585648175285714     
 -0.37238313783266119       -5.7340710085746718E-002  0.20544921462404503       0.42914628993488146     
   7.6083969134874696E-003 -0.16053830401016442       0.45887230063581752       0.48620389040901474     
 -0.47795604339923164       -1.4660413153664412E-002   3.3591569993018301E-002  0.47935926058675471     
 -0.30206158176830483       0.10656881973383391      -0.31581158854060037       0.44981670931210432     
  0.43682119788030871       0.27836177515632710        5.9596204219279407E-002  0.52139212148163061     
 -0.25185475569903504       -5.9834349395751087E-002  0.38960530589535086       0.46776410905246180     
 -0.23945868455396885      -0.35989624902318684       -8.5925601983771110E-002  0.44073686111505395     
  0.40011639437007118        9.2641852177094031E-002 -0.17310849645514462       0.44569293618305156     
  0.11188608326295725      -0.39301737923394875      -0.11666998611610493       0.42496240029934296     
  -9.6114980460939137E-002 -0.47761274763946127       -2.1078184349136869E-002  0.48764363630850205     
 -0.10599189327159492      -0.11451134096905857       0.42864683032959533       0.45616360420515578     
   1.5976490068337318E-002 -0.41085078869291375       0.16735495562512587       0.44391587038174340     
  0.26095618712617596       0.32971376461508772       -5.1521581559526991E-003  0.42051854050653842     
  0.36380357243187950       -9.2796280707412637E-002 -0.22511882444705095       0.43777011564033108     
  0.25178998600154345      -0.36827633039443153       0.21551873472445193       0.49545330516273134     
  0.28262870502030601      -0.19311958872394097      -0.20557168504265805       0.39929172060241502     
  0.16495485392709136      -0.41984484773005043       -2.4519097522708165E-002  0.45175323589644084     
  0.34095545645337627       -7.1459856554535905E-002  0.20682653954695568       0.40513497978463109     
 -0.20347839963287734       0.39181640787581146       0.12777782417341990       0.45962020076184051     
   9.9164645299616216E-002 -0.38633084101832382       0.10262489237267237       0.41184586210599067     
 -0.22654254918950445       0.34287483847536326       -1.4305909244109141E-002  0.41120474278890096     
  0.17922237512145367      -0.35644547347659578        2.9451930684370187E-002  0.40005181105347659     
   6.6585319885989078E-002  0.40784531267310836       -4.5730868784252983E-003  0.41327027115114706     
 -0.22742080429624295      -0.17869335292225730      -0.38292644586130886       0.47987935936579135     
 -0.37986284663624831       -5.7881165897621586E-002  0.20313094097350559       0.43463569894918175     
   2.9706586896557325E-002 -0.23092765470214838       0.32743806510229295       0.40177823421535769     
  0.25973585522000558       0.32547804034406497       -5.7725022991679899E-002  0.42039368158009999     
   2.6717770478700588E-002   2.3325136533644805E-002 -0.46862517083777344       0.46996537318870424     
  -7.2673005127328605E-004  0.44757411777271200        4.5175753970648505E-002  0.44984882770037921     
 -0.47595080138514401      -0.14693993966317753        2.2219294107301280E-002  0.49861228247808520     
 -0.21320615124903919      -0.40737814037873743      -0.14648591502614747       0.48256806306459415     
   9.2771462745912345E-002  0.42589983514994251        3.4377414545010102E-002  0.43724023203676476     
  -8.5057963356242119E-002 -0.49136946713191698        8.4577261479396537E-002  0.50579850090640843     
   1.4078442515103975E-002  0.37223726328548318       0.27041390816870248       0.46030692418536207     
   1.7479568438683785E-002  0.38345344716125512       0.17777079383317471       0.42301836436817875     
 -0.31529673841859840      -0.18944380307808842      -0.27995195124268418       0.46224894027642921     
  0.10442721421655471      -0.26740520281374275      -0.27700188717215207       0.39892434252352010     
 -0.15838731417145901      -0.10715694773952397       0.47071447565559210       0.50807604778322168     
  0.14104291056761614       0.43154981607287868       0.10455667612170827       0.46589746178267571     
   5.6943498568596457E-002 -0.27375627739993441       0.32560698365124813       0.42919106380208538     
 -0.30647492827123340       0.18599456482404375       0.19539954919928473       0.40829137099653084     
  -2.1714785177107100E-002 -0.19847267686070794      -0.44619446408722463       0.48882761290421034     
  0.12033872856995212       0.46037240144775771       -6.3588044920184730E-002  0.48007040844586479     
 -0.34378942195854068       0.17902432400068516       0.29604707288761611       0.48773429713299360     
 -0.35890787575338229       0.21156777957580711      -0.10016887232999798       0.42849689802413510     
  0.32095740065474510      -0.19034930867106370      -0.22215067676535560       0.43427806245988060     
  0.19835117798220575       0.13136971422390220      -0.42815444399248281       0.48981365796873255     
  0.42329327883063766       0.20278812068434018        9.3415409538888050E-002  0.47856729989960312     
